#     BLOCK:       POFV:   AVE_POFV:      ERROR:
           1           0           0           0
           1       0.163       0.163           0
           1       0.918       0.918           0
           1      1.6425      1.6425           0
           1      1.8545      1.8545           0
           1       2.948       2.948           0
           1      3.3615      3.3615           0
           1       4.986       4.986           0
           1      6.0025      6.0025           0
           1       5.499       5.499           0
           1      6.1725      6.1725           0
           1      6.9685      6.9685           0
           1      6.8095      6.8095           0
           1      6.3715      6.3715           0
           1      9.0495      9.0495           0
           1     11.7575     11.7575           0
           1      7.2755      7.2755           0
           1      6.3155      6.3155           0
           1      5.1645      5.1645           0
           1       4.027       4.027           0
           1       2.712       2.712           0
           1      2.6415      2.6415           0
           1       1.676       1.676           0
           1       1.254       1.254           0
           1      0.8855      0.8855           0
           1       0.456       0.456           0
           1      0.4305      0.4305           0
           1      0.3125      0.3125           0
           1       0.186       0.186           0
           1      0.1595      0.1595           0


           2      0.2335     0.11675   0.0825547
           2      0.4985     0.33075    0.118617
           2       1.535      1.2265    0.218142
           2       2.836     2.23925    0.421966
           2       2.702     2.27825    0.299636
           2      3.5095     3.22875     0.19852
           2       5.723     4.54225    0.834916
           2       6.034        5.51    0.370524
           2      7.5665      6.7845    0.552958
           2       8.859       7.179     1.18794
           2      9.9355       8.054     1.33042
           2      8.6425      7.8055    0.591848
           2       8.476     7.64275    0.589197
           2      5.5645       5.968    0.285318
           2      6.1445       7.597     1.02707
           2      5.8385       8.798     2.09268
           2       4.309     5.79225     1.04882
           2      5.1415      5.7285    0.415072
           2       3.951     4.55775    0.429037
           2       2.146      3.0865    0.665034
           2        3.87       3.291    0.409415
           2       1.253     1.94725    0.490909
           2      0.9915     1.33375    0.242007
           2      0.6425     0.94825    0.216198
           2       1.012     0.94875   0.0447245
           2       0.404        0.43   0.0183848
           2       0.181     0.30575   0.0882116
           2           0     0.15625    0.110485
           2           0       0.093   0.0657609
           2           0     0.07975   0.0563918


           3       0.025   0.0861667   0.0604365
           3      0.6165       0.426    0.110913
           3       1.192       1.215    0.145731
           3       2.202     2.22683    0.281493
           3       4.624     3.06017    0.668954
           3       7.197      4.5515      1.0881
           3       5.609     4.89783    0.627781
           3      6.7015     5.90717    0.407649
           3      10.237     7.93533     1.00938
           3      9.7535     8.03717     1.05743
           3      10.103       8.737      1.0477
           3       6.713     7.44133    0.494058
           3       5.609     6.96483    0.678727
           3      6.5245      6.1535    0.243147
           3       5.632       6.942    0.868822
           3        5.41     7.66867     1.67231
           3      4.7995     5.46133      0.7496
           3       3.352     4.93633    0.703508
           3       2.655      3.9235    0.591601
           3      1.3675      2.5135    0.644554
           3        2.74     3.10733    0.311427
           3       1.592     1.82883    0.341256
           3       1.162      1.2765    0.167973
           3      0.8675    0.921333    0.145798
           3       0.815    0.904167   0.0470545
           3       0.405    0.421667   0.0140185
           3       0.078    0.229833   0.0854434
           3      0.0175        0.11   0.0827731
           3           0       0.062   0.0506228
           3           0   0.0531667   0.0434104


           4           0    0.064625   0.0490164
           4      0.3185    0.399125   0.0863795
           4       0.793      1.1095    0.142456
           4      2.3685     2.26225    0.213336
           4      3.9285     3.27725    0.535782
           4       5.559     4.80337    0.844724
           4       5.546     5.05987    0.491304
           4       9.578     6.82487    0.851538
           4      10.102       8.477    0.890589
           4       9.854     8.49137    0.885267
           4       8.431      8.6605    0.788561
           4      6.7685     7.27313     0.39815
           4       7.021     6.97888    0.509191
           4       6.842     6.32562    0.235533
           4      7.1415     6.99188    0.653046
           4      4.0025     6.75213      1.4843
           4      5.4715     5.46387    0.562204
           4       3.796     4.65125    0.582536
           4      3.2525     3.75575    0.466879
           4       1.618     2.28963    0.520846
           4       2.311     2.90825    0.290312
           4       1.497     1.74587    0.265834
           4       1.401     1.30763    0.128831
           4       0.399     0.79075    0.157309
           4           0    0.678125    0.198913
           4           0     0.31625   0.0918969
           4           0    0.172375   0.0811336
           4           0      0.0825   0.0664913
           4           0      0.0465   0.0402702
           4           0    0.039875   0.0345328


           5       0.075      0.0667    0.039257
           5       0.351      0.3895   0.0696378
           5       0.976      1.0828     0.11644
           5       1.799      2.1696    0.189724
           5      3.6765      3.3571    0.434535
           5      2.7775      4.3982    0.766819
           5      5.6865      5.1852    0.408715
           5      9.1905       7.298    0.801968
           5      9.9695      8.7755    0.760853
           5      11.121      9.0173    0.850202
           5     11.0495      9.1383    0.761974
           5      8.9905      7.6166    0.442532
           5      7.0325      6.9896    0.407466
           5      5.7785      6.2162    0.212329
           5       5.101      6.6137    0.622377
           5      6.1725      6.6362     1.19196
           5      4.2495       5.221    0.499477
           5      3.8305      4.4871    0.488609
           5      3.4535      3.6953    0.377396
           5       2.294      2.2905    0.416678
           5       1.642       2.655     0.32442
           5       1.365      1.6697    0.223315
           5        0.99      1.2441    0.117689
           5       0.254      0.6834    0.158293
           5      0.1745      0.5774    0.182863
           5           0       0.253   0.0927646
           5           0      0.1379   0.0718591
           5           0       0.066   0.0552024
           5           0      0.0372   0.0332727
           5           0      0.0319   0.0285322


           6      0.0085       0.057   0.0338914
           6       0.664     0.43525   0.0714974
           6         0.8     1.03567    0.106145
           6       1.801     2.10817    0.167755
           6       2.329     3.18575    0.394452
           6       4.817       4.468    0.642185
           6      7.3805     5.55108    0.477037
           6       9.222     7.61867    0.729605
           6      10.511     9.06475    0.686828
           6      10.252     9.22308    0.732983
           6       9.974     9.27758    0.647583
           6      9.5955     7.94642    0.476073
           6       6.599      6.9245    0.344716
           6       6.281       6.227    0.177215
           6       4.442     6.25175    0.614954
           6      5.1945     6.39592     1.01723
           6      5.6425     5.29125    0.421142
           6       3.116     4.25858    0.457502
           6       3.376     3.64208    0.318227
           6      1.7065     2.19317    0.358419
           6        1.75     2.50417    0.303394
           6       1.136     1.58075     0.20304
           6      1.1255     1.22433   0.0997206
           6      0.2765    0.615583    0.145716
           6           0    0.481167    0.175895
           6           0    0.210833   0.0863573
           6           0    0.114917   0.0634517
           6           0       0.055   0.0470852
           6           0       0.031    0.028299
           6           0   0.0265833   0.0242672


           7           0   0.0488571    0.030012
           7      0.8845    0.499429   0.0853589
           7      1.1945     1.05836   0.0933754
           7      2.4845     2.16193    0.152161
           7      3.8935     3.28686    0.350821
           7      6.3525     4.73721    0.604244
           7      7.4255     5.81886    0.478173
           7      11.298     8.14429    0.792403
           7     11.7215     9.44429    0.685601
           7       9.469     9.25821    0.629112
           7        7.77     9.06221    0.589798
           7      6.4025     7.72586    0.456303
           7      5.2985     6.69221    0.365447
           7        6.06     6.20314    0.153496
           7      4.4515     5.99457    0.578386
           7      4.2465     6.08886    0.917084
           7       5.427     5.31064    0.361425
           7      2.6255     4.02529    0.447693
           7       4.518     3.76721    0.296348
           7      1.5395     2.09979    0.319149
           7      1.1345      2.3085    0.316928
           7       1.268     1.53607    0.178882
           7       1.271       1.231   0.0856973
           7      0.6235    0.616714    0.124904
           7       0.336    0.460429    0.151984
           7       0.286    0.221571   0.0746852
           7      0.0185    0.101143   0.0558621
           7           0   0.0471429    0.041009
           7           0   0.0265714   0.0246004
           7           0   0.0227857   0.0210955


           8       0.017    0.044875   0.0265234
           8      0.4105    0.488312   0.0754093
           8       2.106     1.18931    0.147245
           8      2.7385       2.234    0.149236
           8      3.8045     3.35156    0.312878
           8      4.6845     4.73062     0.52875
           8       8.762     6.18675    0.541744
           8      7.7865     8.09956    0.694613
           8       9.393     9.43788    0.599931
           8       8.596     9.17544    0.555893
           8       9.115     9.06881     0.51611
           8       8.815       7.862    0.419083
           8      7.0715     6.73962    0.322827
           8       6.354       6.222    0.135462
           8       6.321     6.03538    0.507525
           8      3.7065     5.79106    0.849423
           8      3.6725     5.10588    0.369731
           8      3.3775     3.94431    0.398987
           8       2.798     3.64606    0.282987
           8      2.9635     2.20775    0.296956
           8       1.888     2.25594    0.281637
           8       1.084     1.47956    0.165206
           8      0.6725     1.16119   0.0994351
           8      0.6125    0.616187    0.109292
           8      0.6265    0.481187    0.134397
           8      0.5155    0.258313   0.0738358
           8       0.108       0.102   0.0488859
           8           0     0.04125   0.0363038
           8           0     0.02325   0.0217484
           8           0   0.0199375   0.0186498


           9       0.002   0.0401111   0.0240004
           9       0.236    0.460278   0.0720535
           9       1.546     1.22894    0.136114
           9      1.8815     2.19483    0.137698
           9       3.336     3.34983    0.278119
           9       5.163     4.77867    0.472177
           9      8.1345     6.40317    0.522994
           9      9.5495     8.26067    0.635842
           9       9.088       9.399     0.53453
           9        6.47     8.87483    0.569635
           9      9.6915       9.138    0.463379
           9      10.044     8.10444    0.437056
           9       8.419     6.92622    0.336592
           9      5.9345     6.19006     0.12412
           9       6.244     6.05856    0.451662
           9       5.815     5.79372    0.755047
           9      5.2235     5.11894    0.328881
           9      2.4035     3.77311    0.389658
           9       2.262     3.49228    0.290339
           9       1.751       2.157    0.268263
           9       1.286     2.14817    0.270178
           9      1.6465     1.49811    0.147888
           9       0.664     1.10594    0.102591
           9      0.1785    0.567556    0.107425
           9       0.094    0.438167    0.126161
           9      0.4205    0.276333   0.0677953
           9       0.232    0.116444   0.0455382
           9      0.1285   0.0509444   0.0335395
           9      0.1075   0.0326111   0.0212513
           9       0.048   0.0230556   0.0168363


          10      0.0735     0.04345   0.0218313
          10       0.549     0.46915   0.0653921
          10        2.82     1.38805    0.194396
          10      2.3545      2.2108    0.124851
          10      3.6905      3.3839    0.252385
          10      5.6275     4.86355    0.432522
          10      7.3665      6.4995    0.479485
          10      9.6795     8.40255    0.587875
          10      8.0855     9.26765    0.496953
          10       8.447     8.83205    0.514275
          10      8.2425     9.04845    0.425606
          10      8.7135     8.16535    0.397572
          10      6.8185     6.91545    0.303105
          10      5.5955      6.1306    0.125141
          10       6.148      6.0675    0.406585
          10       7.169     5.93125    0.691954
          10      6.2235      5.2294    0.313994
          10       2.548      3.6506     0.36945
          10      1.2705      3.2701    0.335718
          10       1.471      2.0884    0.250054
          10       1.787     2.11205    0.245562
          10       1.584      1.5067    0.133348
          10       0.451     1.04045    0.111291
          10       0.241      0.5349    0.101524
          10       0.324     0.42675    0.114061
          10        0.04      0.2527   0.0650047
          10      0.5055     0.15535   0.0551543
          10       0.029     0.04875   0.0302573
          10      0.0245      0.0318   0.0191416
          10      0.1205      0.0328     0.01775


          11      0.2075   0.0583636   0.0244149
          11      0.8595    0.504636   0.0684017
          11      2.7305     1.51009    0.211592
          11       3.525     2.33027    0.160806
          11       3.703     3.41291    0.231102
          11       4.876     4.86468    0.393203
          11        6.73     6.52045    0.436353
          11      7.7645     8.34455    0.537286
          11      6.7075     9.03491    0.503334
          11       8.007     8.75705    0.472961
          11      9.2155     9.06364    0.387185
          11     10.4485     8.37291    0.412062
          11       7.486     6.96732    0.279953
          11       7.147       6.223    0.143889
          11      6.2235     6.08168     0.36987
          11      7.4415     6.06855    0.642525
          11      4.0615     5.12323    0.302868
          11       2.331     3.53064    0.354806
          11        2.54     3.20373    0.311691
          11       1.718     2.05473    0.229578
          11      1.0745     2.01773    0.240673
          11      1.3865     1.49577    0.121673
          11       0.597     1.00014    0.108229
          11       0.219    0.506182    0.096271
          11       0.103    0.397318    0.107422
          11      0.0065    0.230318   0.0628303
          11       0.011    0.142227   0.0516778
          11      0.7205    0.109818   0.0643965
          11      0.1015   0.0381364   0.0184204
          11      0.0575   0.0350455   0.0162777


          12      0.2065   0.0707083   0.0253095
          12       0.602     0.51275   0.0631809
          12       1.165     1.48133    0.195904
          12      3.3495     2.41521    0.168348
          12       4.495     3.50308    0.228761
          12       6.978     5.04079    0.397925
          12       7.078     6.56692    0.402456
          12       6.901     8.22425      0.5058
          12       8.674     9.00483    0.462287
          12      7.9245     8.68767    0.438607
          12     10.1445     9.15371    0.365247
          12       9.342     8.45367    0.385556
          12       7.519     7.01329    0.260371
          12       5.736     6.18242    0.137502
          12      6.4405     6.11158    0.340254
          12      5.1905     5.99537    0.593133
          12       4.266     5.05179    0.285929
          12       3.559       3.533    0.325247
          12       2.406     3.13725     0.29272
          12      1.3965     1.99988      0.2169
          12      1.0545     1.93746    0.233619
          12       1.461     1.49287    0.111568
          12      0.5955    0.966417    0.104331
          12      0.5135    0.506792   0.0882503
          12      0.4915    0.405167   0.0987562
          12      0.3835    0.243083   0.0588769
          12      0.0665    0.135917   0.0477551
          12      0.0205    0.102375   0.0594587
          12        0.03   0.0374583   0.0168978
          12        0.01   0.0329583   0.0150545


          13       0.049   0.0690385   0.0234176
          13      0.6585    0.523962   0.0593073
          13       1.718     1.49954    0.181679
          13       2.859     2.44935    0.158822
          13      6.3755     3.72404    0.299426
          13      7.0185     5.19292    0.395328
          13      5.9265     6.51765    0.374501
          13       7.853     8.19569    0.467697
          13       7.265       8.871    0.445678
          13       9.256     8.73138    0.407041
          13        7.92     9.05881    0.349262
          13       7.033     8.34438    0.371062
          13      7.5795     7.05685    0.243958
          13      5.8795     6.15912    0.128884
          13       7.344     6.20638    0.327021
          13       6.753     6.05365    0.550363
          13       3.676     4.94596    0.282843
          13      5.5485     3.68804    0.335149
          13       2.282     3.07146    0.277497
          13      1.1485     1.93438     0.20987
          13       0.838     1.85288    0.230449
          13       0.687     1.43088    0.118967
          13      0.3655    0.920192    0.106052
          13      0.5005    0.506308   0.0814632
          13      0.5035    0.412731   0.0914488
          13      0.6075    0.271115   0.0606551
          13      0.2315    0.143269    0.044644
          13      0.1235       0.104   0.0549072
          13           0   0.0345769   0.0158418
          13           0   0.0304231   0.0141083


          14      0.1555   0.0752143   0.0225446
          14      0.9545    0.554714    0.062538
          14       1.693     1.51336    0.169226
          14      3.1125     2.49671     0.15438
          14       5.606     3.85846    0.306732
          14       6.221     5.26636    0.373849
          14       7.264     6.57096    0.351525
          14      6.8595     8.10025    0.443922
          14       7.335     8.76129    0.427135
          14       8.568     8.71971    0.378134
          14      8.0795     8.98886    0.331245
          14      6.7035     8.22718    0.362596
          14      6.5255     7.01889    0.229466
          14      7.8445      6.2795    0.166674
          14      7.2635     6.28189    0.312258
          14       5.847     6.03889     0.51125
          14      7.2035     5.10721    0.305163
          14        3.08     3.64461    0.314011
          14      1.9195     2.98918    0.269599
          14      2.0965     1.94596    0.195198
          14      0.7125     1.77143     0.22793
          14       1.373     1.42675    0.110541
          14      0.5495    0.893714    0.101729
          14        0.43    0.500857   0.0758265
          14       0.603    0.426321   0.0859207
          14           0     0.25175   0.0593335
          14           0    0.133036   0.0426119
          14           0   0.0965714   0.0514853
          14           0   0.0321071   0.0149015
          14           0     0.02825   0.0132669


          15      0.3285      0.0921   0.0266246
          15       0.384    0.543333   0.0593953
          15        1.72     1.52713    0.158504
          15      2.9405      2.5263    0.146895
          15       5.154     3.94483    0.298196
          15       4.956     5.24567    0.349497
          15      5.9245     6.52787    0.330721
          15      8.7425     8.14307    0.416387
          15      8.4745     8.74217    0.399087
          15      8.3365     8.69417    0.353787
          15      9.2785     9.00817    0.309725
          15        7.66     8.18937    0.340389
          15      8.9035     7.14453    0.246173
          15       8.352     6.41767     0.20498
          15       5.506     6.23017    0.295694
          15      3.1795     5.84827    0.511472
          15      7.2475      5.2499    0.316424
          15       3.608     3.64217    0.293086
          15      1.8165       2.911    0.262717
          15       1.447      1.9127    0.184998
          15      1.0955     1.72637    0.217143
          15       1.042      1.4011    0.106106
          15       0.662    0.878267   0.0961126
          15       0.284      0.4864   0.0721364
          15       0.405      0.4249   0.0802044
          15       0.093    0.241167   0.0563139
          15      0.3815      0.1496   0.0428699
          15      0.0775      0.0953   0.0480686
          15           0   0.0299667   0.0140609
          15           0   0.0263667   0.0125154


          16      0.0035   0.0865625   0.0255299
          16      0.4715    0.538844   0.0558525
          16      0.9795     1.49291    0.152248
          16       2.525     2.52622    0.137715
          16       4.966     4.00866    0.286307
          16       6.625     5.33188    0.338119
          16      7.5105     6.58928    0.315702
          16       9.006       8.197     0.39384
          16      10.981     8.88209    0.397919
          16       8.195     8.66297    0.333048
          16       10.23     9.08453    0.299633
          16      7.7955     8.16475    0.320004
          16       5.988     7.07225    0.241166
          16      6.4205     6.41784    0.192169
          16      4.0705     6.09519    0.306476
          16      4.6065     5.77066    0.485357
          16      3.8135     5.16013     0.30912
          16       3.061     3.60584     0.27701
          16       4.139     2.98775    0.257264
          16      1.3375     1.87675    0.176894
          16       1.365     1.70378    0.204743
          16       1.327     1.39647   0.0995756
          16      1.2575    0.901969   0.0929822
          16      0.7205    0.501031   0.0690958
          16       0.282    0.415969   0.0756872
          16       0.237    0.240906   0.0527949
          16       0.086    0.145625   0.0403744
          16           0   0.0893437   0.0454319
          16           0   0.0280938   0.0133063
          16           0   0.0247188   0.0118411


          17      0.0795   0.0861471   0.0240315
          17       0.418    0.531735   0.0530175
          17       1.992     1.52226    0.146096
          17      3.0945     2.55965    0.133609
          17      7.1405     4.19288    0.323349
          17       5.411     5.33653    0.318262
          17      6.1225     6.56182    0.298323
          17      8.7145     8.22744    0.371848
          17       8.698     8.87126     0.37466
          17       9.391     8.70579    0.316198
          17       8.296     9.03815    0.285575
          17       9.265     8.22947    0.307655
          17      6.0985     7.01497    0.233683
          17       7.853     6.50226    0.198544
          17      6.8455     6.13932    0.291609
          17       3.276     5.62391    0.478477
          17       4.389     5.11476    0.294246
          17      2.1015     3.51735    0.274486
          17       1.777     2.91653    0.251796
          17      0.7005     1.80756    0.179511
          17       1.251     1.67715    0.194424
          17      1.6015     1.40853   0.0944458
          17      1.0715    0.911941   0.0880458
          17       0.918    0.525559    0.069248
          17      1.0715    0.454529   0.0804605
          17      0.3205    0.245588   0.0498965
          17      0.1025    0.143088    0.038079
          17           0   0.0840882   0.0430623
          17           0   0.0264412   0.0126258
          17           0   0.0232647   0.0112335


          18       0.138   0.0890278   0.0228685
          18      0.1575    0.510944    0.053995
          18       2.143     1.55675    0.141991
          18      5.4815     2.72197    0.202011
          18      4.7595     4.22436    0.306913
          18       5.345       5.337    0.300581
          18       8.713     6.68133    0.304749
          18      9.2195     8.28256     0.35525
          18      11.149     8.99781    0.374606
          18      7.6195     8.64544    0.304336
          18       8.735     9.02131    0.270206
          18       5.215       8.062    0.333039
          18      7.6675     7.05122    0.223495
          18       5.037     6.42086    0.203519
          18      5.5465     6.10639    0.277262
          18       4.516     5.56236    0.455836
          18      3.0165     4.99819    0.300103
          18      3.1125     3.49486    0.260157
          18       2.089     2.87056    0.241968
          18       2.911     1.86886    0.179701
          18       1.656     1.67597    0.183626
          18      1.5035     1.41381   0.0893461
          18      0.1535    0.869806   0.0926899
          18      0.5175    0.525111   0.0654023
          18      1.1195    0.491472   0.0840446
          18       0.419    0.255222   0.0480455
          18      0.0595    0.138444   0.0362456
          18           0   0.0794167   0.0409226
          18           0   0.0249722   0.0120095
          18           0   0.0219722   0.0106835


          19           0   0.0843421   0.0221397
          19      0.3975    0.504974   0.0514822
          19      1.8725     1.57337    0.135487
          19       5.446     2.86534    0.236853
          19      3.1545     4.16805     0.29588
          19       6.054     5.37474     0.28712
          19      6.5615     6.67503    0.288775
          19       7.704     8.25211    0.337856
          19     10.7365     9.08932    0.365896
          19       8.287     8.62658    0.288903
          19      9.8595     9.06542    0.259561
          19       7.765     8.04637    0.315878
          19      7.1985     7.05897    0.211866
          19      7.0585     6.45442    0.195555
          19      5.6785     6.08387    0.263582
          19       5.493     5.55871     0.43186
          19      3.0435     4.89532    0.301426
          19      2.0745     3.42011     0.25698
          19      2.2195     2.83629    0.231646
          19      3.1815     1.93795    0.183042
          19      0.8985     1.63505    0.178463
          19       0.474     1.36434   0.0973777
          19      0.6905    0.860368   0.0882906
          19      0.6955    0.534079   0.0625719
          19      0.7095    0.502947   0.0804008
          19      0.4655    0.266289   0.0467741
          19       0.281    0.145947   0.0351059
          19           0   0.0752368   0.0389816
          19           0   0.0236579   0.0114491
          19           0   0.0208158   0.0101836


          20      0.0545     0.08285   0.0210829
          20      0.3905     0.49925   0.0492253
          20      1.3425     1.56183    0.129203
          20       5.137     2.97892     0.25077
          20       3.079      4.1136    0.286053
          20      4.2875     5.32038    0.277862
          20      7.5635     6.71945    0.277732
          20       7.006      8.1898    0.326657
          20      9.3035     9.10002    0.347758
          20      12.357      8.8131    0.329207
          20     10.8415     9.15422    0.261333
          20      6.1435     7.95122    0.314086
          20       7.361     7.07407     0.20181
          20      8.0185     6.53263    0.200806
          20        4.78     6.01867     0.25834
          20      4.4495     5.50325    0.413812
          20         3.6     4.83055     0.29323
          20      4.3075     3.46447    0.247932
          20      3.1935     2.85415    0.220751
          20       1.362     1.90915     0.17614
          20      0.7095     1.58877    0.175437
          20      0.7815      1.3352   0.0967712
          20       0.775      0.8561   0.0839792
          20      0.5725       0.536   0.0594728
          20      0.0855    0.482075   0.0790436
          20       0.376    0.271775   0.0447559
          20       0.072     0.14225   0.0335447
          20       0.038    0.073375    0.037077
          20       0.012    0.023075   0.0108915
          20           0    0.019775   0.0097275


