#     BLOCK:   ACTUAL_CV:    CV_AVE:      ERROR:      TEMPERATURE:
           1    0.229522    0.200697           0           2
           2    0.227047    0.200547 0.000106013           2
           3    0.229287    0.199572  0.00079913           2
           4    0.229134    0.198029  0.00146462           2
           5     0.23012    0.197227  0.00137372           2
           6    0.229475    0.197584   0.0011901           2
           7    0.228884    0.197187  0.00108415           2
           8    0.229334     0.19754  0.00100434           2
           9    0.229308    0.197716 0.000908074           2
          10      0.2289    0.197846 0.000826523           2
          11    0.227992    0.197453 0.000839364           2
          12    0.231224    0.197443 0.000769478           2
          13    0.231508    0.197319 0.000720215           2
          14    0.227323    0.197086 0.000705584           2
          15    0.229016    0.197188 0.000665894           2
          16    0.230145    0.197209 0.000624598           2
          17    0.229537      0.1973 0.000594511           2
          18    0.229236    0.197472 0.000585897           2
          19     0.23009    0.197537 0.000558561           2
          20     0.22818     0.19732  0.00057118           2
#     BLOCK:   ACTUAL_CV:    CV_AVE:      ERROR:      TEMPERATURE:
           1    0.249443    0.218763           0         1.9
           2    0.246055    0.217025  0.00122932         1.9
           3    0.248989    0.215688  0.00136498         1.9
           4    0.248541    0.214015  0.00177409         1.9
           5    0.248262    0.213009  0.00168051         1.9
           6    0.247629     0.21331  0.00142719         1.9
           7    0.248293    0.213014  0.00125364         1.9
           8    0.248013    0.213342  0.00113912         1.9
           9    0.248107    0.213321  0.00101275         1.9
          10    0.246952    0.213487 0.000924932         1.9
          11    0.247128    0.213272 0.000865271         1.9
          12    0.250154    0.213259 0.000793265         1.9
          13     0.24886    0.213111  0.00074599         1.9
          14    0.246604    0.212931 0.000714088         1.9
          15    0.247815    0.212982 0.000668333         1.9
          16    0.249068    0.212979 0.000626572         1.9
          17    0.248339    0.213046 0.000593256         1.9
          18     0.24841    0.213106 0.000563373         1.9
          19    0.249115    0.213181 0.000538734         1.9
          20    0.246778     0.21297 0.000551778         1.9
#     BLOCK:   ACTUAL_CV:    CV_AVE:      ERROR:      TEMPERATURE:
           1    0.270653    0.235681           0         1.8
           2    0.267225    0.233768  0.00135321         1.8
           3    0.270876    0.232326  0.00148316         1.8
           4    0.270358    0.230529  0.00191313         1.8
           5     0.27019    0.229507  0.00178252         1.8
           6    0.268885    0.229396   0.0014889         1.8
           7    0.269819    0.229391  0.00127621         1.8
           8    0.269606    0.229951  0.00123339         1.8
           9    0.268883    0.230307  0.00114658         1.8
          10    0.268352    0.230295  0.00103198         1.8
          11    0.268468    0.230193 0.000943129         1.8
          12    0.271139    0.230392 0.000885157         1.8
          13    0.270703    0.230393 0.000817069         1.8
          14    0.267194    0.230202 0.000780841         1.8
          15    0.268822    0.230278 0.000732565         1.8
          16    0.269688    0.230356 0.000690884         1.8
          17    0.269542    0.230296 0.000652868         1.8
          18    0.269525    0.230304 0.000616643         1.8
          19    0.269909    0.230419 0.000594908         1.8
          20    0.267459    0.230315 0.000574212         1.8
#     BLOCK:   ACTUAL_CV:    CV_AVE:      ERROR:      TEMPERATURE:
           1    0.294447    0.252266           0         1.7
           2    0.292433    0.252123 0.000100762         1.7
           3    0.293846    0.251413 0.000583748         1.7
           4    0.294246    0.249915  0.00136937         1.7
           5    0.295195    0.249322  0.00121718         1.7
           6    0.292332    0.249098  0.00103465         1.7
           7    0.295181    0.249354 0.000917832         1.7
           8    0.293409    0.249913 0.000958301         1.7
           9     0.29302    0.250403 0.000969132         1.7
          10    0.292025    0.250213 0.000890668         1.7
          11    0.293473     0.25005 0.000824364         1.7
          12    0.294831    0.249897 0.000769752         1.7
          13    0.294475    0.249953 0.000712536         1.7
          14    0.290753    0.249895 0.000663975         1.7
          15    0.292876    0.249825 0.000623431         1.7
          16    0.295397    0.249955 0.000598005         1.7
          17    0.294126    0.249915 0.000564186         1.7
          18     0.29321    0.249877 0.000534149         1.7
          19    0.294823    0.249832 0.000507925         1.7
          20    0.290662    0.249719 0.000494932         1.7
#     BLOCK:   ACTUAL_CV:    CV_AVE:      ERROR:      TEMPERATURE:
           1    0.322374    0.275057           0         1.6
           2    0.319423    0.272851  0.00156027         1.6
           3    0.322135    0.273329  0.00111108         1.6
           4    0.322973    0.272016  0.00140962         1.6
           5    0.323487    0.271254  0.00131771         1.6
           6    0.319423    0.270752  0.00119012         1.6
           7    0.322785    0.270777  0.00102037         1.6
           8    0.321217    0.270958 0.000908663         1.6
           9    0.320575    0.271531 0.000971845         1.6
          10    0.320483    0.271533 0.000874662         1.6
          11    0.321038    0.271285 0.000829475         1.6
          12    0.322972    0.271256 0.000760872         1.6
          13    0.322603    0.271144 0.000710543         1.6
          14    0.318388    0.271071 0.000663535         1.6
          15    0.320235    0.270861 0.000651646         1.6
          16    0.323051    0.270722 0.000625433         1.6
          17     0.32092    0.270555  0.00061056         1.6
          18    0.322174    0.270434 0.000588603         1.6
          19    0.321638    0.270367 0.000561375         1.6
          20    0.318141    0.270173 0.000565781         1.6
#     BLOCK:   ACTUAL_CV:    CV_AVE:      ERROR:      TEMPERATURE:
           1    0.353976    0.293554           0         1.5
           2    0.350759    0.293525 2.03219e-05         1.5
           3    0.354461    0.294637 0.000907859         1.5
           4     0.35313    0.293707  0.00105437         1.5
           5    0.354191    0.293511 0.000861516         1.5
           6    0.352114    0.293064  0.00082597         1.5
           7    0.354467    0.293192 0.000717888         1.5
           8    0.352715    0.293841 0.000873524         1.5
           9    0.352031    0.294531  0.00101287         1.5
          10      0.3517    0.294566 0.000912196         1.5
          11    0.354047    0.294542 0.000829585         1.5
          12     0.35485    0.294321 0.000789443         1.5
          13    0.352626    0.294163 0.000744401         1.5
          14    0.348201    0.294127 0.000692097         1.5
          15     0.35018    0.293908 0.000679614         1.5
          16    0.354767    0.294167 0.000684685         1.5
          17    0.352232    0.294191 0.000644845         1.5
          18     0.35355     0.29416 0.000609784         1.5
          19    0.351698    0.293803 0.000674115         1.5
          20    0.348917    0.293511 0.000701052         1.5
#     BLOCK:   ACTUAL_CV:    CV_AVE:      ERROR:      TEMPERATURE:
           1     0.39065    0.316954           0         1.4
           2    0.388286    0.315882 0.000758379         1.4
           3    0.389236      0.3153 0.000693654         1.4
           4     0.39026    0.314016  0.00122744         1.4
           5    0.391427    0.314628  0.00112417         1.4
           6    0.390112    0.314842  0.00095696         1.4
           7    0.390356    0.314918 0.000823269         1.4
           8    0.388438    0.316094  0.00131479         1.4
           9    0.387235    0.316584  0.00125683         1.4
          10    0.388084    0.316404  0.00114404         1.4
          11    0.391352     0.31645  0.00104095         1.4
          12    0.391279    0.316186 0.000986988         1.4
          13    0.388897    0.316028 0.000923691         1.4
          14    0.384148    0.316262 0.000886903         1.4
          15    0.387045    0.316538 0.000869717         1.4
          16    0.390943    0.316529 0.000815404         1.4
          17    0.388413    0.316693 0.000783665         1.4
          18    0.389497    0.316871 0.000760167         1.4
          19     0.38959    0.316819 0.000721945         1.4
          20    0.383721    0.316485 0.000759129         1.4
#     BLOCK:   ACTUAL_CV:    CV_AVE:      ERROR:      TEMPERATURE:
           1    0.431762    0.342236           0         1.3
           2    0.429072    0.343341 0.000781692         1.3
           3    0.432067    0.341424  0.00164972         1.3
           4    0.431631    0.341194   0.0012533         1.3
           5    0.432285    0.341645  0.00108096         1.3
           6    0.428774    0.342989  0.00152175         1.3
           7    0.432638    0.341562  0.00185669         1.3
           8    0.429965    0.342626  0.00190526         1.3
           9    0.425912    0.342801  0.00170161         1.3
          10    0.427124    0.342472  0.00156295         1.3
          11     0.42961    0.342874   0.0014716         1.3
          12    0.431607    0.341799  0.00169641         1.3
          13     0.43118    0.341936  0.00157145         1.3
          14    0.425951    0.342159   0.0014749         1.3
          15    0.427388    0.342514  0.00141863         1.3
          16    0.433354    0.342387   0.0013356         1.3
          17     0.43158    0.342694  0.00129169         1.3
          18    0.431761    0.342547  0.00122826         1.3
          19    0.432776    0.342873  0.00120613         1.3
          20    0.425866    0.342537  0.00119168         1.3
#     BLOCK:   ACTUAL_CV:    CV_AVE:      ERROR:      TEMPERATURE:
           1    0.479326    0.368423           0         1.2
           2    0.475788    0.369637 0.000858671         1.2
           3    0.476915    0.369565 0.000575519         1.2
           4    0.481018    0.370973  0.00129365         1.2
           5    0.477601    0.371589  0.00117271         1.2
           6    0.476816    0.373024   0.0016341         1.2
           7    0.478828    0.372477  0.00148937         1.2
           8    0.474352    0.372689  0.00131822         1.2
           9     0.47625    0.373005  0.00120889         1.2
          10    0.474436    0.372772  0.00111019         1.2
          11    0.476753    0.372542  0.00103275         1.2
          12    0.477321    0.371369  0.00146917         1.2
          13    0.478321    0.371425  0.00135722         1.2
          14    0.475354    0.371659  0.00128029         1.2
          15    0.474721    0.371797  0.00120238         1.2
          16    0.478265    0.371671  0.00113381         1.2
          17    0.476863    0.371644  0.00106743         1.2
          18     0.47874    0.371433  0.00102884         1.2
          19     0.47943    0.371645  0.00099637         1.2
          20    0.474148    0.371607 0.000947311         1.2
#     BLOCK:   ACTUAL_CV:    CV_AVE:      ERROR:      TEMPERATURE:
           1    0.536699     0.40148           0         1.1
           2     0.52903    0.401088 0.000276762         1.1
           3    0.532709    0.398644  0.00200433         1.1
           4     0.53407     0.39772  0.00170282         1.1
           5    0.530596    0.397191  0.00144208         1.1
           6    0.528346    0.399052  0.00208091         1.1
           7    0.532063    0.398103  0.00198829         1.1
           8    0.525562    0.397427  0.00185103         1.1
           9    0.527535    0.397668  0.00166099         1.1
          10    0.526224    0.397414  0.00151422         1.1
          11    0.529432    0.395951  0.00196003         1.1
          12     0.52796    0.395499  0.00184799         1.1
          13    0.530228    0.395343  0.00171243         1.1
          14     0.52954    0.395748  0.00163737         1.1
          15    0.528959    0.395342  0.00157771         1.1
          16    0.532219    0.394904  0.00153895         1.1
          17    0.529206    0.395097  0.00146059         1.1
          18    0.530492    0.395612  0.00146736         1.1
          19    0.531363    0.395769  0.00139849         1.1
          20    0.527527      0.3956  0.00133878         1.1
#     BLOCK:   ACTUAL_CV:    CV_AVE:      ERROR:      TEMPERATURE:
           1    0.591453    0.422089           0           1
           2    0.584557    0.420511  0.00111616           1
           3    0.587565    0.420777 0.000775162           1
           4    0.591504     0.41853  0.00203108           1
           5    0.589047    0.417086  0.00207536           1
           6    0.587464    0.418667  0.00225232           1
           7    0.591316    0.417431  0.00224407           1
           8    0.585098     0.41762  0.00197151           1
           9    0.585542    0.418145  0.00182106           1
          10     0.58703    0.417947  0.00164968           1
          11    0.589353    0.417071  0.00171647           1
          12     0.59352    0.416878  0.00158429           1
          13    0.589006     0.41648  0.00151161           1
          14    0.591896    0.416649  0.00141305           1
          15    0.586064     0.41662  0.00131916           1
          16    0.589517    0.415795  0.00147209           1
          17    0.586374    0.416283  0.00146421           1
          18    0.589389    0.416685  0.00143704           1
          19    0.587981    0.416549  0.00136785           1
          20    0.585715     0.41604  0.00139096           1
#     BLOCK:   ACTUAL_CV:    CV_AVE:      ERROR:      TEMPERATURE:
           1      0.6557    0.442742           0         0.9
           2    0.650349    0.431413  0.00801116         0.9
           3    0.652015    0.433376  0.00557615         0.9
           4     0.65642    0.436088  0.00479661         0.9
           5    0.658132    0.436561  0.00386057         0.9
           6    0.656756    0.435724  0.00330677         0.9
           7    0.652012    0.432912  0.00384821         0.9
           8    0.650105    0.433037  0.00336918         0.9
           9    0.653786    0.434413  0.00326387         0.9
          10      0.6567    0.434613  0.00294363         0.9
          11    0.653069    0.433595  0.00284677         0.9
          12    0.660716    0.432528  0.00280227         0.9
          13    0.650392    0.431896  0.00265698         0.9
          14    0.660613    0.432876  0.00264172         0.9
          15    0.656182    0.432762  0.00246809         0.9
          16    0.655612    0.433269  0.00236527         0.9
          17    0.656959    0.433224  0.00222656         0.9
          18    0.651661    0.433513  0.00212145         0.9
          19    0.655444    0.433188  0.00203454         0.9
          20    0.647953      0.4324  0.00207982         0.9
#     BLOCK:   ACTUAL_CV:    CV_AVE:      ERROR:      TEMPERATURE:
           1    0.723373    0.451148           0         0.8
           2    0.720476    0.432928   0.0128836         0.8
           3    0.723625    0.444316   0.0126582         0.8
           4    0.728602     0.44485   0.0095049         0.8
           5    0.722109    0.441381  0.00821266         0.8
           6    0.736152    0.441169  0.00684662         0.8
           7    0.722081    0.437852  0.00662366         0.8
           8    0.718707    0.437556  0.00580229         0.8
           9    0.725448    0.439411  0.00544609         0.8
          10    0.724855    0.438121  0.00505203         0.8
          11    0.723668    0.437882  0.00459841         0.8
          12    0.724618    0.438352  0.00423913         0.8
          13    0.723792    0.437248  0.00405415         0.8
          14     0.72408    0.436358  0.00386108         0.8
          15    0.721928     0.43754  0.00378026         0.8
          16     0.73052    0.437655  0.00354574         0.8
          17    0.733366    0.438209  0.00338025         0.8
          18    0.718556    0.437664   0.0032362         0.8
          19    0.730644    0.437987    0.003082         0.8
          20    0.718942    0.436959  0.00309482         0.8
#     BLOCK:   ACTUAL_CV:    CV_AVE:      ERROR:      TEMPERATURE:
           1    0.801018    0.450868           0         0.7
           2    0.801196    0.445405  0.00386287         0.7
           3    0.802809    0.441815  0.00390225         0.7
           4    0.797115    0.448937  0.00682743         0.7
           5    0.791307    0.441476  0.00862375         0.7
           6    0.804545    0.438955  0.00754597         0.7
           7    0.789948    0.435207  0.00734006         0.7
           8      0.7901    0.431896  0.00713026         0.7
           9    0.804127    0.433769  0.00657947         0.7
          10    0.805796    0.432278  0.00608811         0.7
          11    0.802875    0.431512  0.00558264         0.7
          12    0.794001    0.429025  0.00564445         0.7
          13    0.801217    0.429245  0.00521458         0.7
          14    0.793254    0.427376  0.00516642         0.7
          15     0.79641    0.426752  0.00485947         0.7
          16    0.798468    0.425877  0.00463381         0.7
          17    0.815258    0.426855  0.00446305         0.7
          18    0.791575    0.425879  0.00432041         0.7
          19    0.798762    0.426387  0.00412272         0.7
          20    0.799165    0.426463  0.00391729         0.7
#     BLOCK:   ACTUAL_CV:    CV_AVE:      ERROR:      TEMPERATURE:
           1    0.875822    0.453378           0         0.6
           2    0.877389    0.446398  0.00493621         0.6
           3    0.868777    0.426783   0.0163501         0.6
           4    0.868543    0.411449   0.0180752         0.6
           5    0.860876    0.417023   0.0152954         0.6
           6    0.880865    0.417859    0.012769         0.6
           7    0.882157    0.416856   0.0109842         0.6
           8    0.862847    0.412685   0.0103729         0.6
           9    0.880111    0.414811  0.00943563         0.6
          10    0.886156    0.412278  0.00882537         0.6
          11    0.872069    0.411895  0.00803139         0.6
          12    0.875316    0.412174  0.00736694         0.6
          13     0.89748     0.41287  0.00683309         0.6
          14    0.866371      0.4145  0.00653651         0.6
          15    0.885617     0.41438  0.00610185         0.6
          16     0.88465    0.415272  0.00578538         0.6
          17    0.881973    0.416268  0.00553013         0.6
          18    0.866206    0.415155  0.00533369         0.6
          19    0.875674    0.414174   0.0051424         0.6
          20    0.887071    0.413446  0.00493659         0.6
#     BLOCK:   ACTUAL_CV:    CV_AVE:      ERROR:      TEMPERATURE:
           1    0.925322    0.420082           0         0.5
           2    0.933204    0.403293   0.0118715         0.5
           3    0.936142    0.394754   0.0105472         0.5
           4    0.947448    0.380248   0.0148456         0.5
           5    0.929616    0.381134   0.0119029         0.5
           6    0.944362    0.377382   0.0104939         0.5
           7    0.949786    0.376096  0.00907323         0.5
           8    0.958581    0.365079   0.0130091         0.5
           9    0.945379    0.362963   0.0117345         0.5
          10    0.955626    0.356895   0.0120278         0.5
          11     0.94503    0.355641   0.0109996         0.5
          12     0.94503    0.354326   0.0101612         0.5
          13    0.949492    0.353174  0.00944464         0.5
          14    0.945824    0.351468  0.00892282         0.5
          15    0.952337    0.350347  0.00839807         0.5
          16     0.94895    0.349211  0.00794963         0.5
          17    0.955975    0.346325  0.00798869         0.5
          18    0.949334    0.347729  0.00766726         0.5
          19    0.941548    0.348493  0.00730161         0.5
          20    0.953752    0.346416  0.00722577         0.5
