#     BLOCK:   ACTUAL_X:     X_AVE:       ERROR:      TEMPERATURE:
           1     1.36937     1.36937           0           2
           2      1.3433     1.35633  0.00921502           2
           3     1.34346     1.35204  0.00707205           2
           4     1.36267      1.3547  0.00578171           2
           5     1.35523     1.35481  0.00462633           2
           6     1.31325     1.34788  0.00740525           2
           7     1.35395     1.34875  0.00639786           2
           8      1.3893     1.35382  0.00733645           2
           9     1.35998      1.3545  0.00655318           2
          10     1.32164     1.35122   0.0066709           2
          11     1.38833     1.35459    0.006865           2
          12     1.37779     1.35652  0.00655943           2
          13     1.35849     1.35667  0.00605661           2
          14     1.37378      1.3579  0.00574587           2
          15     1.34877     1.35729  0.00539489           2
          16     1.35903      1.3574  0.00505881           2
          17     1.37179     1.35824  0.00483153           2
          18     1.37348     1.35909  0.00463664           2
          19     1.34012     1.35809  0.00449883           2
          20     1.38667     1.35952   0.0044951           2
#     BLOCK:   ACTUAL_X:     X_AVE:       ERROR:      TEMPERATURE:
           1     1.52214     1.52214           0         1.9
           2     1.46464     1.49339   0.0203282         1.9
           3     1.50306     1.49661   0.0138052         1.9
           4     1.54108     1.50773   0.0141388         1.9
           5     1.51606      1.5094   0.0114089         1.9
           6     1.45933     1.50105   0.0121821         1.9
           7      1.5255     1.50454   0.0109308         1.9
           8     1.51037     1.50527  0.00958869         1.9
           9      1.5355     1.50863   0.0090926         1.9
          10     1.49284     1.50705  0.00831934         1.9
          11     1.50406     1.50678  0.00756748         1.9
          12     1.53074     1.50878  0.00719541         1.9
          13     1.54994     1.51194  0.00730538         1.9
          14     1.55499     1.51502   0.0074024         1.9
          15     1.47252     1.51218  0.00743134         1.9
          16     1.51472     1.51234  0.00696857         1.9
          17     1.47628     1.51022  0.00687393         1.9
          18     1.48945     1.50907  0.00658819         1.9
          19     1.52735     1.51003  0.00631132         1.9
          20     1.49224     1.50914  0.00605812         1.9
#     BLOCK:   ACTUAL_X:     X_AVE:       ERROR:      TEMPERATURE:
           1     1.65692     1.65692           0         1.8
           2     1.66946     1.66319  0.00443277         1.8
           3     1.70878     1.67839   0.0127536         1.8
           4     1.73298     1.69204    0.015205         1.8
           5     1.72932     1.69949   0.0138727         1.8
           6     1.64312      1.6901    0.014395         1.8
           7     1.65306     1.68481   0.0132756         1.8
           8     1.66725     1.68261   0.0117961         1.8
           9     1.65603     1.67966   0.0108489         1.8
          10     1.67062     1.67875  0.00980159         1.8
          11     1.69365     1.68011  0.00900364         1.8
          12     1.70864     1.68249  0.00856146         1.8
          13     1.66886     1.68144  0.00796679         1.8
          14     1.69456     1.68237  0.00745263         1.8
          15     1.67515     1.68189  0.00697133         1.8
          16     1.66937     1.68111  0.00657939         1.8
          17     1.66656     1.68025  0.00624781         1.8
          18     1.65895     1.67907  0.00601181         1.8
          19      1.7062      1.6805  0.00586249         1.8
          20        1.74     1.68347  0.00627903         1.8
#     BLOCK:   ACTUAL_X:     X_AVE:       ERROR:      TEMPERATURE:
           1     1.89394     1.89394           0         1.7
           2     1.88837     1.89116  0.00196742         1.7
           3     1.89043     1.89091   0.0013265         1.7
           4      1.8863     1.88976  0.00140928         1.7
           5     1.92547      1.8969  0.00648621         1.7
           6     1.83362     1.88635   0.0110421         1.7
           7     1.85997     1.88259   0.0100874         1.7
           8     1.88244     1.88257  0.00882648         1.7
           9     1.89966     1.88447  0.00804742         1.7
          10      1.8841     1.88443  0.00724276         1.7
          11     1.91448     1.88716  0.00708068         1.7
          12     1.88915     1.88733  0.00649256         1.7
          13     1.90968     1.88905  0.00621677         1.7
          14      1.9338     1.89224  0.00654326         1.7
          15     1.89864     1.89267  0.00612091         1.7
          16     1.90464     1.89342  0.00578391         1.7
          17     1.87483     1.89232  0.00554603         1.7
          18     1.92021     1.89387  0.00545003         1.7
          19     1.95452     1.89707  0.00602583         1.7
          20     1.91558     1.89799  0.00579524         1.7
#     BLOCK:   ACTUAL_X:     X_AVE:       ERROR:      TEMPERATURE:
           1      2.2403      2.2403           0         1.6
           2     2.15324     2.19677   0.0307777         1.6
           3     2.19519     2.19624    0.020523         1.6
           4     2.16431     2.18826   0.0168742         1.6
           5     2.21331     2.19327   0.0142237         1.6
           6     2.11817     2.18075   0.0164633         1.6
           7      2.1698     2.17919   0.0141857         1.6
           8     2.20447     2.18235   0.0127597         1.6
           9     2.22749     2.18736   0.0122884         1.6
          10     2.17467     2.18609   0.0111249         1.6
          11      2.1439     2.18226   0.0107546         1.6
          12     2.20962     2.18454   0.0100972         1.6
          13     2.15865     2.18255  0.00951484         1.6
          14     2.20085     2.18386  0.00892459         1.6
          15     2.20817     2.18548  0.00847561         1.6
          16     2.10736     2.18059  0.00924583         1.6
          17     2.15068     2.17883  0.00886783         1.6
          18     2.16534     2.17808  0.00840678         1.6
          19     2.19719     2.17909  0.00802421         1.6
          20     2.12599     2.17644  0.00805034         1.6
#     BLOCK:   ACTUAL_X:     X_AVE:       ERROR:      TEMPERATURE:
           1     2.55753     2.55753           0         1.5
           2     2.43226     2.49489   0.0442922         1.5
           3     2.52225     2.50401   0.0304525         1.5
           4     2.53887     2.51273   0.0240542         1.5
           5     2.51225     2.51263   0.0192435         1.5
           6     2.60129     2.52741   0.0209546         1.5
           7     2.54969     2.53059   0.0182012         1.5
           8     2.52902      2.5304   0.0159271         1.5
           9     2.44812     2.52125   0.0165748         1.5
          10     2.59056     2.52818    0.016302         1.5
          11     2.47717     2.52355   0.0154658         1.5
          12     2.53511     2.52451    0.014207         1.5
          13     2.49373     2.52214   0.0133099         1.5
          14     2.51771     2.52183    0.012363         1.5
          15     2.51328     2.52126   0.0115519         1.5
          16     2.50373     2.52016   0.0108817         1.5
          17     2.51433     2.51982    0.010247         1.5
          18     2.61644     2.52519   0.0109941         1.5
          19     2.58784     2.52848   0.0108988         1.5
          20     2.53314     2.52872   0.0103563         1.5
#     BLOCK:   ACTUAL_X:     X_AVE:       ERROR:      TEMPERATURE:
           1     2.96187     2.96187           0         1.4
           2     2.94673      2.9543  0.00535482         1.4
           3     2.92601     2.94487  0.00848548         1.4
           4     2.97691     2.95288  0.00941362         1.4
           5     2.82009     2.92632   0.0249196         1.4
           6     3.01035     2.94033   0.0243863         1.4
           7     2.92749     2.93849   0.0209714         1.4
           8     2.98685     2.94454   0.0192012         1.4
           9     2.86001     2.93514    0.019228         1.4
          10     2.92753     2.93438   0.0173203         1.4
          11      2.9326     2.93422   0.0157465         1.4
          12     2.93833     2.93456    0.014438         1.4
          13      2.9853     2.93847   0.0138448         1.4
          14     2.89875     2.93563   0.0131433         1.4
          15     2.80537     2.92695   0.0148613         1.4
          16     2.90788     2.92575   0.0139802         1.4
          17     2.91926     2.92537   0.0131631         1.4
          18     3.01149     2.93016   0.0132727         1.4
          19     2.94929     2.93116   0.0126123         1.4
          20     2.83635     2.92642   0.0128418         1.4
#     BLOCK:   ACTUAL_X:     X_AVE:       ERROR:      TEMPERATURE:
           1     3.56579     3.56579           0         1.3
           2     3.58032     3.57306  0.00513903         1.3
           3     3.52239     3.55617   0.0142084         1.3
           4      3.5012     3.54243   0.0159745         1.3
           5     3.36105     3.50615   0.0348722         1.3
           6     3.67593     3.53445   0.0388808         1.3
           7     3.58435     3.54158   0.0339738         1.3
           8     3.57842     3.54618   0.0300377         1.3
           9     3.56007     3.54772   0.0267398         1.3
          10     3.64239     3.55719   0.0256868         1.3
          11     3.45182     3.54761   0.0250743         1.3
          12     3.52574     3.54579   0.0230509         1.3
          13     3.63911     3.55297   0.0223676         1.3
          14      3.5925     3.55579   0.0209474         1.3
          15     3.52511     3.55375   0.0196505         1.3
          16     3.50322     3.55059   0.0186743         1.3
          17     3.50738     3.54805    0.017748         1.3
          18     3.60168     3.55103   0.0170103         1.3
          19      3.4466     3.54553   0.0169797         1.3
          20      3.5155     3.54403    0.016197         1.3
#     BLOCK:   ACTUAL_X:     X_AVE:       ERROR:      TEMPERATURE:
           1     4.47726     4.47726           0         1.2
           2     4.27396     4.37561   0.0718786         1.2
           3     4.41075     4.38732    0.048864         1.2
           4      4.4573     4.40482   0.0396558         1.2
           5     4.19786     4.36343   0.0487555         1.2
           6     4.36653     4.36394   0.0406324         1.2
           7     4.55509     4.39125   0.0430361         1.2
           8     4.54668     4.41068   0.0418126         1.2
           9     4.39416     4.40884    0.037207         1.2
          10     4.52648     4.42061   0.0352969         1.2
          11      4.4337      4.4218   0.0321082         1.2
          12     4.46095     4.42506   0.0295978         1.2
          13     4.47015     4.42853   0.0275235         1.2
          14     4.39339     4.42602   0.0256717         1.2
          15     4.56734     4.43544   0.0256308         1.2
          16     4.67937     4.45069   0.0282009         1.2
          17     4.39176     4.44722   0.0267542         1.2
          18     4.24109     4.43577   0.0276102         1.2
          19     4.37189     4.43241   0.0263609         1.2
          20     4.35775     4.42867   0.0253057         1.2
#     BLOCK:   ACTUAL_X:     X_AVE:       ERROR:      TEMPERATURE:
           1     5.69289     5.69289           0         1.1
           2     5.80969     5.75129   0.0412925         1.1
           3     5.77765     5.76008   0.0284478         1.1
           4     5.44442     5.68116   0.0715945         1.1
           5     5.29324     5.60358   0.0899773         1.1
           6     5.55214     5.59501   0.0753884         1.1
           7     5.61021     5.59718   0.0646499         1.1
           8     5.60464     5.59811   0.0565754         1.1
           9     5.72548     5.61226   0.0520291         1.1
          10      5.5714     5.60818   0.0469864         1.1
          11     5.65816     5.61272    0.042934         1.1
          12     5.41448      5.5962   0.0424154         1.1
          13     5.68452       5.603   0.0396931         1.1
          14     5.70496     5.61028   0.0375201         1.1
          15     5.46315     5.60047   0.0362782         1.1
          16     5.56708     5.59838   0.0340708         1.1
          17     5.49705     5.59242   0.0325839         1.1
          18     5.54944     5.59003   0.0308611         1.1
          19     5.89829     5.60626   0.0332287         1.1
          20     5.68211     5.61005    0.031783         1.1
#     BLOCK:   ACTUAL_X:     X_AVE:       ERROR:      TEMPERATURE:
           1     7.33169     7.33169           0           1
           2     7.34296     7.33732  0.00398525           1
           3     7.52976     7.40147   0.0524429           1
           4     7.96491     7.54233    0.128172           1
           5     7.51689     7.53724    0.102638           1
           6     7.54997     7.53936    0.085554           1
           7     7.24499     7.49731   0.0830265           1
           8     7.17041     7.45645     0.08209           1
           9     7.48775     7.45993   0.0730425           1
          10     7.61478     7.47541   0.0673599           1
          11     7.29342     7.45887   0.0632355           1
          12     7.39968     7.45393   0.0581579           1
          13     7.23512      7.4371    0.056067           1
          14     7.45598     7.43845   0.0520784           1
          15     8.00576     7.47627    0.060808           1
          16     7.38997     7.47088   0.0572462           1
          17     7.28217     7.45978   0.0549444           1
          18     7.41816     7.45747   0.0519406           1
          19     7.69512     7.46997   0.0506906           1
          20     7.59746     7.47635   0.0485552           1
#     BLOCK:   ACTUAL_X:     X_AVE:       ERROR:      TEMPERATURE:
           1     10.3971     10.3971           0         0.9
           2      10.583     10.4901   0.0657499         0.9
           3      10.499      10.493   0.0439014         0.9
           4     9.45333     10.2331      0.2275         0.9
           5     10.7685     10.3402    0.205663         0.9
           6     10.4121     10.3522    0.171735         0.9
           7     10.0336     10.3067    0.153113         0.9
           8     10.7755     10.3653    0.144755         0.9
           9     10.6502      10.397    0.132088         0.9
          10     9.95656     10.3529    0.126008         0.9
          11     10.6467     10.3796    0.117349         0.9
          12     10.4568     10.3861    0.107746         0.9
          13     10.6959     10.4099     0.10206         0.9
          14     10.4136     10.4102   0.0947708         0.9
          15     9.47541     10.3478    0.106997         0.9
          16     9.82948     10.3154      0.1051         0.9
          17     10.2176     10.3097   0.0990748         0.9
          18      10.609     10.3263   0.0949563         0.9
          19     10.9033     10.3567   0.0946905         0.9
          20     11.0108     10.3894   0.0954367         0.9
#     BLOCK:   ACTUAL_X:     X_AVE:       ERROR:      TEMPERATURE:
           1     15.4026     15.4026           0         0.8
           2     15.1281     15.2653   0.0970628         0.8
           3     15.4356     15.3221   0.0795907         0.8
           4     15.8976      15.466    0.138157         0.8
           5     15.8843     15.5496    0.133474         0.8
           6     16.4172     15.6942    0.172609         0.8
           7     14.5871     15.5361    0.208164         0.8
           8     16.4473       15.65    0.211016         0.8
           9     14.5312     15.5257    0.221171         0.8
          10     15.0551     15.4786    0.203998         0.8
          11     15.6511     15.4943    0.186055         0.8
          12     13.9586     15.3663    0.209997         0.8
          13     15.5597     15.3812     0.19437         0.8
          14     14.5269     15.3202    0.189823         0.8
          15     15.3882     15.3247    0.177222         0.8
          16     15.9109     15.3613    0.169891         0.8
          17     14.9462     15.3369    0.161643         0.8
          18     15.8923     15.3678    0.155579         0.8
          19     15.8536     15.3933    0.149478         0.8
          20     15.6869      15.408    0.142722         0.8
#     BLOCK:   ACTUAL_X:     X_AVE:       ERROR:      TEMPERATURE:
           1     23.7174     23.7174           0         0.7
           2     24.9291     24.3232    0.428408         0.7
           3      22.467     23.7045    0.580352         0.7
           4     22.1671     23.3201    0.547944         0.7
           5     25.1038     23.6769    0.542185         0.7
           6     25.3842     23.9614     0.52117         0.7
           7     23.8655     23.9477    0.446897         0.7
           8     23.4807     23.8894     0.39483         0.7
           9     26.1584     24.1415    0.423878         0.7
          10     27.1393     24.4413    0.475833         0.7
          11     24.1697     24.4166    0.433216         0.7
          12     25.9421     24.5437    0.415348         0.7
          13      21.885     24.3392    0.430818         0.7
          14     22.5603     24.2121    0.418363         0.7
          15     25.2722     24.2828    0.396396         0.7
          16     23.7269      24.248    0.373141         0.7
          17     23.9492     24.2305    0.351605         0.7
          18     25.2737     24.2884    0.336814         0.7
          19     27.3841     24.4513    0.356322         0.7
          20     25.6017     24.5089    0.343117         0.7
#     BLOCK:   ACTUAL_X:     X_AVE:       ERROR:      TEMPERATURE:
           1     48.3448     48.3448           0         0.6
           2     45.6007     46.9728    0.970176         0.6
           3     39.3447     44.4301     2.17451         0.6
           4     39.0908     43.0953     1.99901         0.6
           5     42.7138      43.019     1.60067         0.6
           6     45.6325     43.4546     1.39189         0.6
           7     41.5812     43.1869     1.21851         0.6
           8     42.5253     43.1042       1.069         0.6
           9     46.2354     43.4521     1.00524         0.6
          10     47.8695     43.8939    0.997059         0.6
          11     40.2991     43.5671    0.958477         0.6
          12     46.6092     43.8206    0.911514         0.6
          13     45.5199     43.9513    0.850718         0.6
          14     42.7732     43.8672    0.794104         0.6
          15     41.2565     43.6931    0.759997         0.6
          16     48.1024     43.9687    0.760822         0.6
          17     43.3674     43.9333     0.71689         0.6
          18     40.8531     43.7622    0.697187         0.6
          19     45.2894     43.8426     0.66511         0.6
          20     45.7977     43.9403    0.638999         0.6
#     BLOCK:   ACTUAL_X:     X_AVE:       ERROR:      TEMPERATURE:
           1     78.3834     78.3834           0         0.5
           2     79.2175     78.8004    0.294906         0.5
           3     75.1446     77.5818     1.01422         0.5
           4     75.8393     77.1462    0.849086         0.5
           5     80.1214     77.7412     0.86294         0.5
           6     77.0427     77.6248    0.726928         0.5
           7     73.2553     77.0006    0.849835         0.5
           8      81.069     77.5091    0.882747         0.5
           9     80.9253     77.8887    0.862417         0.5
          10     83.2131     78.4212    0.926063         0.5
          11     83.7927     78.9095    0.962048         0.5
          12     78.9837     78.9157    0.881897         0.5
          13     77.5015     78.8069    0.820741         0.5
          14     75.0442     78.5381    0.804919         0.5
          15     83.9443     78.8985    0.828024         0.5
          16     83.5527     79.1894    0.825788         0.5
          17     84.8066     79.5198    0.840723         0.5
          18     71.7934     79.0906    0.896928         0.5
          19      80.332     79.1559    0.852097         0.5
          20     76.4382       79.02    0.820256         0.5
