#     BLOCK:   ACTUAL_X:     X_AVE:       ERROR:      TEMPERATURE:
           1     1.34959     1.34959           0           2
           2     1.34464     1.34712  0.00175009           2
           3     1.34706      1.3471  0.00116685           2
           4     1.33406     1.34384  0.00295536           2
           5      1.3275     1.34057  0.00375983           2
           6     1.34233     1.34086  0.00314461           2
           7     1.34214     1.34105  0.00270068           2
           8     1.34055     1.34098   0.0023638           2
           9     1.37422     1.34468  0.00406655           2
          10     1.34552     1.34476  0.00366077           2
          11     1.37213     1.34725  0.00408703           2
          12     1.37717     1.34974  0.00444245           2
          13     1.31798      1.3473  0.00472525           2
          14     1.34745     1.34731  0.00438774           2
          15     1.33955     1.34679   0.0041256           2
          16     1.36405     1.34787  0.00400628           2
          17     1.35895     1.34852  0.00382325           2
          18     1.38662     1.35064  0.00415547           2
          19     1.32972     1.34954  0.00408002           2
          20     1.34769     1.34945  0.00387707           2
#     BLOCK:   ACTUAL_X:     X_AVE:       ERROR:      TEMPERATURE:
           1     1.49538     1.49538           0         1.9
           2     1.50513     1.50025  0.00344547         1.9
           3     1.50259     1.50103  0.00238302         1.9
           4     1.47941     1.49563  0.00501012         1.9
           5     1.44871     1.48624  0.00930035         1.9
           6     1.48263     1.48564  0.00776975         1.9
           7     1.51708     1.49013  0.00785111         1.9
           8     1.49587     1.49085  0.00690238         1.9
           9     1.51402     1.49342   0.0065981         1.9
          10     1.49653     1.49373  0.00594558         1.9
          11      1.4794     1.49243  0.00554599         1.9
          12     1.51177     1.49404  0.00531273         1.9
          13     1.45752     1.49123  0.00559788         1.9
          14     1.50721     1.49237   0.0053131         1.9
          15     1.49406     1.49249  0.00496008         1.9
          16     1.49947     1.49292  0.00466925         1.9
          17      1.4802     1.49217  0.00445416         1.9
          18     1.54474     1.49509  0.00507462         1.9
          19     1.48542     1.49459    0.004833         1.9
          20     1.50319     1.49502  0.00461046         1.9
#     BLOCK:   ACTUAL_X:     X_AVE:       ERROR:      TEMPERATURE:
           1     1.68402     1.68402           0         1.8
           2     1.68072     1.68237  0.00116908         1.8
           3     1.68853     1.68442  0.00184994         1.8
           4     1.67144     1.68118  0.00313568         1.8
           5     1.65139     1.67522  0.00588919         1.8
           6     1.65964     1.67262  0.00545025         1.8
           7     1.70087     1.67666  0.00598208         1.8
           8     1.67412     1.67634  0.00524273         1.8
           9     1.69494     1.67841  0.00505128         1.8
          10     1.67644     1.67821  0.00454998         1.8
          11     1.66654     1.67715  0.00425831         1.8
          12     1.68527     1.67783  0.00395686         1.8
          13     1.63146     1.67426  0.00500821         1.8
          14     1.67141     1.67406  0.00465462         1.8
          15     1.64745     1.67228   0.0046701         1.8
          16     1.67099      1.6722  0.00437892         1.8
          17     1.65282     1.67106  0.00426711         1.8
          18     1.73299      1.6745  0.00523648         1.8
          19     1.63357     1.67235  0.00538586         1.8
          20     1.68909     1.67319  0.00518118         1.8
#     BLOCK:   ACTUAL_X:     X_AVE:       ERROR:      TEMPERATURE:
           1     1.87693     1.87693           0         1.7
           2     1.91272     1.89482   0.0126522         1.7
           3     1.87747     1.88904  0.00966719         1.7
           4     1.90173     1.89221  0.00775346         1.7
           5     1.89764      1.8933   0.0062783         1.7
           6     1.86565     1.88869  0.00671351         1.7
           7     1.94587     1.89686  0.00950337         1.7
           8     1.86986     1.89348  0.00889456         1.7
           9     1.93614     1.89822  0.00908175         1.7
          10     1.89707     1.89811  0.00817431         1.7
          11     1.84817     1.89357  0.00860005         1.7
          12     1.90378     1.89442   0.0079254         1.7
          13     1.82295     1.88892  0.00902343         1.7
          14     1.86457     1.88718  0.00854487         1.7
          15     1.86258     1.88554  0.00813104         1.7
          16     1.87612     1.88495  0.00764416         1.7
          17     1.87664     1.88446  0.00721011         1.7
          18     1.93758     1.88742  0.00738885         1.7
          19      1.8343     1.88462  0.00751014         1.7
          20     1.88983     1.88488  0.00713914         1.7
#     BLOCK:   ACTUAL_X:     X_AVE:       ERROR:      TEMPERATURE:
           1     2.15734     2.15734           0         1.6
           2     2.18024     2.16879  0.00809726         1.6
           3     2.15565     2.16441  0.00647551         1.6
           4     2.17525     2.16712  0.00539437         1.6
           5     2.21288     2.17627  0.00925379         1.6
           6     2.17326     2.17577  0.00772509         1.6
           7     2.24445     2.18558   0.0112412         1.6
           8     2.16536     2.18305   0.0101163         1.6
           9     2.18957     2.18378  0.00901813         1.6
          10     2.18891     2.18429  0.00813091         1.6
          11     2.13958     2.18023  0.00834588         1.6
          12     2.19779     2.18169  0.00777774         1.6
          13     2.08322     2.17412   0.0102227         1.6
          14     2.14009     2.17169  0.00977718         1.6
          15     2.17844     2.17214  0.00913572         1.6
          16     2.11354     2.16847  0.00926976         1.6
          17     2.16172     2.16808  0.00873298         1.6
          18      2.2072     2.17025  0.00851393         1.6
          19     2.08872     2.16596  0.00908309         1.6
          20     2.15784     2.16555  0.00863802         1.6
#     BLOCK:   ACTUAL_X:     X_AVE:       ERROR:      TEMPERATURE:
           1     2.46006     2.46006           0         1.5
           2     2.51427     2.48717   0.0191664         1.5
           3      2.4208     2.46505   0.0221253         1.5
           4     2.52133     2.47912   0.0205877         1.5
           5     2.56435     2.49616   0.0224435         1.5
           6     2.53459     2.50257   0.0195955         1.5
           7     2.61844     2.51912    0.022737         1.5
           8     2.57875     2.52658   0.0210813         1.5
           9     2.52255     2.52613   0.0187436         1.5
          10     2.48111     2.52163   0.0174014         1.5
          11      2.4825     2.51807   0.0161788         1.5
          12     2.48055     2.51494   0.0151298         1.5
          13     2.36311     2.50326   0.0179154         1.5
          14     2.44418     2.49904   0.0171257         1.5
          15     2.53135      2.5012   0.0161189         1.5
          16     2.47353     2.49947   0.0152039         1.5
          17     2.52494     2.50097   0.0143832         1.5
          18     2.58806     2.50581   0.0143751         1.5
          19     2.34699     2.49745   0.0158636         1.5
          20     2.46903     2.49603   0.0151339         1.5
#     BLOCK:   ACTUAL_X:     X_AVE:       ERROR:      TEMPERATURE:
           1     2.94852     2.94852           0         1.4
           2     2.97454     2.96153  0.00919946         1.4
           3     2.89172     2.93826   0.0199659         1.4
           4     2.96337     2.94454   0.0159305         1.4
           5      3.0149     2.95861   0.0179121         1.4
           6     3.02919     2.97037   0.0183881         1.4
           7     3.10981     2.99029   0.0242601         1.4
           8      3.0686     3.00008   0.0231181         1.4
           9     2.96621     2.99632   0.0208536         1.4
          10      2.8643     2.98312   0.0225631         1.4
          11     2.94614     2.97975   0.0207608         1.4
          12     3.01191     2.98243   0.0192029         1.4
          13     2.84965     2.97222    0.020261         1.4
          14     2.96908       2.972    0.018815         1.4
          15     2.98488     2.97285   0.0175803         1.4
          16     2.89792     2.96817    0.017094         1.4
          17     3.01016     2.97064   0.0162659         1.4
          18     2.99651     2.97208   0.0154256         1.4
          19      2.8319      2.9647   0.0162828         1.4
          20      2.9157     2.96225   0.0156519         1.4
#     BLOCK:   ACTUAL_X:     X_AVE:       ERROR:      TEMPERATURE:
           1     3.54947     3.54947           0         1.3
           2     3.72208     3.63578   0.0610266         1.3
           3     3.61561     3.62905   0.0410532         1.3
           4     3.54592     3.60827   0.0356649         1.3
           5      3.6241     3.61144    0.028672         1.3
           6     3.62375     3.61349   0.0239668         1.3
           7     3.72704     3.62971   0.0254474         1.3
           8     3.70004      3.6385   0.0237363         1.3
           9     3.50229     3.62337   0.0254709         1.3
          10     3.46039     3.60707   0.0276507         1.3
          11     3.38624     3.58699    0.031595         1.3
          12     3.64584      3.5919   0.0293402         1.3
          13     3.44251     3.58041   0.0292472         1.3
          14     3.54648     3.57798   0.0272583         1.3
          15     3.62579     3.58117   0.0256267         1.3
          16     3.66849     3.58663   0.0245993         1.3
          17     3.72652     3.59486     0.02449         1.3
          18     3.67055     3.59906   0.0234877         1.3
          19     3.45904     3.59169   0.0233791         1.3
          20     3.43794       3.584   0.0234401         1.3
#     BLOCK:   ACTUAL_X:     X_AVE:       ERROR:      TEMPERATURE:
           1     4.33055     4.33055           0         1.2
           2     4.62066     4.47561    0.102568         1.2
           3     4.58213     4.51111   0.0742711         1.2
           4     4.42019     4.48838   0.0590793         1.2
           5     4.37124     4.46496   0.0517007         1.2
           6     4.42396     4.45812    0.043533         1.2
           7     4.44709     4.45655   0.0373425         1.2
           8     4.35791     4.44422   0.0346506         1.2
           9      4.3675     4.43569   0.0318317         1.2
          10     4.25154     4.41728   0.0335554         1.2
          11     4.19561     4.39713   0.0360517         1.2
          12     4.32129     4.39081   0.0335967         1.2
          13     4.24714     4.37975   0.0327797         1.2
          14     4.28565     4.37303   0.0311198         1.2
          15     4.38955     4.37413   0.0290646         1.2
          16     4.54759     4.38498      0.0292         1.2
          17     4.53326      4.3937   0.0287556         1.2
          18     4.54064     4.40186   0.0282931         1.2
          19     4.61265     4.41296   0.0288974         1.2
          20     4.19365     4.40199   0.0294596         1.2
#     BLOCK:   ACTUAL_X:     X_AVE:       ERROR:      TEMPERATURE:
           1      5.7537      5.7537           0         1.1
           2     5.89464     5.82417   0.0498292         1.1
           3     6.02103     5.88979   0.0630399         1.1
           4     5.52105      5.7976   0.0927841         1.1
           5     5.42141     5.72237    0.100191         1.1
           6     5.78961     5.73357   0.0841172         1.1
           7     5.44152     5.69185   0.0817956         1.1
           8     5.34412     5.64839   0.0823138         1.1
           9     5.61519      5.6447   0.0732504         1.1
          10     5.13142     5.59337   0.0819586         1.1
          11     5.45848     5.58111   0.0754197         1.1
          12     5.53013     5.57686   0.0692542         1.1
          13     5.35341     5.55967   0.0660256         1.1
          14     5.59958     5.56252    0.061371         1.1
          15     5.38333     5.55058   0.0584306         1.1
          16     5.59775     5.55352    0.054853         1.1
          17     5.77412      5.5665   0.0531391         1.1
          18     5.65854     5.57161   0.0504323         1.1
          19     5.84736     5.58613   0.0498225         1.1
          20     5.36948     5.57529   0.0484946         1.1
#     BLOCK:   ACTUAL_X:     X_AVE:       ERROR:      TEMPERATURE:
           1     7.59072     7.59072           0           1
           2     7.02778     7.30925    0.199029           1
           3     7.71295     7.44382    0.172272           1
           4     6.95045     7.32048    0.167641           1
           5      7.3452     7.32542    0.134186           1
           6     7.55366     7.36346     0.11709           1
           7     7.19589     7.33952    0.102781           1
           8     7.64652      7.3779   0.0968322           1
           9     7.42318     7.38293   0.0862037           1
          10     6.80133     7.32477   0.0952022           1
          11     7.40225     7.33181   0.0868077           1
          12     7.66388     7.35949   0.0838684           1
          13      6.7747      7.3145   0.0886636           1
          14        7.92     7.35775   0.0922779           1
          15     7.03111     7.33598   0.0886583           1
          16     7.35884      7.3374   0.0831287           1
          17      7.3884      7.3404   0.0782929           1
          18     7.19322     7.33223    0.074369           1
          19      7.4449     7.33816   0.0706909           1
          20     6.58631     7.30057   0.0765017           1
#     BLOCK:   ACTUAL_X:     X_AVE:       ERROR:      TEMPERATURE:
           1     10.4528     10.4528           0         0.9
           2     9.21706     9.83494    0.436906         0.9
           3     9.92854     9.86614    0.292382         0.9
           4     9.79667     9.84877    0.219802         0.9
           5     10.8372     10.0465    0.249368         0.9
           6      10.381     10.1022    0.213949         0.9
           7      9.5592     10.0246    0.196947         0.9
           8     10.8169     10.1237    0.195649         0.9
           9     10.6945     10.1871    0.183904         0.9
          10     10.1496     10.1833    0.165551         0.9
          11     10.0132     10.1679    0.151222         0.9
          12     10.1741     10.1684    0.138622         0.9
          13     8.87317     10.0688    0.159801         0.9
          14     10.6694     10.1117    0.154039         0.9
          15     10.0647     10.1085    0.143802         0.9
          16     10.6048     10.1395    0.138119         0.9
          17     10.5904     10.1661    0.132515         0.9
          18     9.35916     10.1212    0.132519         0.9
          19     10.7395     10.1538    0.129478         0.9
          20     8.40468     10.0663    0.149653         0.9
#     BLOCK:   ACTUAL_X:     X_AVE:       ERROR:      TEMPERATURE:
           1     15.7696     15.7696           0         0.8
           2     13.9333     14.8515    0.649246         0.8
           3     15.1906     14.9645    0.442561         0.8
           4     14.9136     14.9518    0.332104         0.8
           5       14.32     14.8254    0.288723         0.8
           6     16.9441     15.1785    0.402247         0.8
           7     13.9409     15.0017    0.381669         0.8
           8     15.7304     15.0928    0.344659         0.8
           9     15.8927     15.1817    0.317617         0.8
          10      14.422     15.1057    0.294799         0.8
          11     14.5058     15.0512    0.272997         0.8
          12      14.732     15.0246     0.25154         0.8
          13     14.4252     14.9785    0.236378         0.8
          14     13.5042     14.8732    0.241816         0.8
          15     15.4746     14.9133    0.228995         0.8
          16     16.0581     14.9848    0.225585         0.8
          17      18.046     15.1649    0.274945         0.8
          18     13.1546     15.0532     0.28144         0.8
          19     16.4745      15.128    0.276389         0.8
          20     14.1444     15.0788     0.26691         0.8
#     BLOCK:   ACTUAL_X:     X_AVE:       ERROR:      TEMPERATURE:
           1     25.2082     25.2082           0         0.7
           2     25.1396     25.1739   0.0242437         0.7
           3     24.9738     25.1072   0.0567894         0.7
           4     24.4014     24.9307    0.158635         0.7
           5     21.8843     24.3215    0.559548         0.7
           6     26.0869     24.6157    0.538118         0.7
           7     21.1357     24.1185    0.651608         0.7
           8     22.8341      23.958    0.589606         0.7
           9     26.2631     24.2141    0.577048         0.7
          10     25.1831      24.311    0.527416         0.7
          11     25.6591     24.4336    0.493503         0.7
          12     22.4725     24.2701    0.478672         0.7
          13     25.7029     24.3803    0.454361         0.7
          14     21.8343     24.1985    0.456855         0.7
          15     23.7101     24.1659    0.427556         0.7
          16      22.617     24.0691    0.411648         0.7
          17     29.4158     24.3836    0.493156         0.7
          18     20.9626     24.1936    0.501045         0.7
          19     24.0163     24.1842    0.474761         0.7
          20     24.4542     24.1977    0.451215         0.7
#     BLOCK:   ACTUAL_X:     X_AVE:       ERROR:      TEMPERATURE:
           1     45.6364     45.6364           0         0.6
           2     44.6878     45.1621    0.335369         0.6
           3     39.7475     43.3572     1.49054         0.6
           4     39.1839     42.3139     1.43739         0.6
           5     39.7422     41.7996     1.23852         0.6
           6      45.396      42.399     1.16818         0.6
           7     44.9705     42.7663     1.05748         0.6
           8     38.2602     42.2031     1.06479         0.6
           9     45.7698     42.5994     1.01756         0.6
          10     45.9544     42.9349    0.969538         0.6
          11     42.2849     42.8758    0.883197         0.6
          12     43.2511     42.9071    0.810151         0.6
          13     53.0165     43.6847     1.05711         0.6
          14     39.1493     43.3607     1.03004         0.6
          15     47.9217     43.6648     1.00525         0.6
          16     46.8601     43.8645    0.962056         0.6
          17     47.7394     44.0924    0.932074         0.6
          18      38.567     43.7855    0.929467         0.6
          19     41.7227     43.6769    0.886866         0.6
          20     48.4872     43.9174    0.874528         0.6
#     BLOCK:   ACTUAL_X:     X_AVE:       ERROR:      TEMPERATURE:
           1      66.132      66.132           0         0.5
           2     70.8327     68.4823     1.66194         0.5
           3        71.8     69.5882      1.4293         0.5
           4     77.0295     71.4486     1.93513         0.5
           5     68.7042     70.8997     1.62408         0.5
           6     75.5051     71.6672     1.52403         0.5
           7     79.3049     72.7583     1.65132         0.5
           8      84.266     74.1968      1.9744         0.5
           9     75.5046     74.3421     1.76036         0.5
          10     80.4819     74.9561     1.68801         0.5
          11     77.4836     75.1859     1.55011         0.5
          12     77.3497     75.3662     1.43138         0.5
          13     79.9501     75.7188     1.36402         0.5
          14     76.0538     75.7427      1.2668         0.5
          15     79.4386     75.9891     1.20607         0.5
          16     77.1594     76.0623      1.1329         0.5
          17     83.1262     76.4778     1.13992         0.5
          18      79.407     76.6405     1.08815         0.5
          19     73.4497     76.4726     1.04375         0.5
          20     79.7875     76.6383     1.00464         0.5
