#     BLOCK:   ACTUAL_TE:    TE_AVE:      ERROR:      TEMPERATURE:
           1   -0.462624   -0.462624           0           2
           2   -0.459868   -0.461246 0.000974393           2
           3   -0.461468    -0.46132 0.000652399           2
           4   -0.462204   -0.461541   0.0005254           2
           5     -0.4633   -0.461893 0.000525052           2
           6    -0.46178   -0.461874 0.000437879           2
           7   -0.463868   -0.462159 0.000458716           2
           8   -0.464092   -0.462401 0.000460647           2
           9   -0.462688   -0.462432  0.00041057           2
          10   -0.460528   -0.462242 0.000411318           2
          11   -0.463016   -0.462312 0.000379896           2
          12   -0.462424   -0.462322 0.000348352           2
          13    -0.46206   -0.462302 0.000322137           2
          14   -0.463256    -0.46237 0.000306256           2
          15   -0.461444   -0.462308 0.000291991           2
          16   -0.462572   -0.462325 0.000274207           2
          17   -0.462736   -0.462349 0.000259144           2
          18   -0.464044   -0.462443 0.000261302           2
          19   -0.461796   -0.462409 0.000249757           2
          20   -0.461924   -0.462385 0.000238443           2
#     BLOCK:   ACTUAL_TE:    TE_AVE:      ERROR:      TEMPERATURE:
           1   -0.483244   -0.483244           0         1.9
           2   -0.481336    -0.48229  0.00067458         1.9
           3    -0.48208    -0.48222 0.000453337         1.9
           4   -0.483844   -0.482626  0.00048911         1.9
           5    -0.48364   -0.482829 0.000431287         1.9
           6   -0.480396   -0.482423 0.000515922         1.9
           7   -0.485188   -0.482818 0.000573813         1.9
           8   -0.482792   -0.482815 0.000502095         1.9
           9   -0.482056   -0.482731 0.000453334         1.9
          10    -0.48068   -0.482526 0.000452009         1.9
          11   -0.482716   -0.482543 0.000411248         1.9
          12     -0.4836   -0.482631 0.000386297         1.9
          13   -0.482484    -0.48262 0.000356747         1.9
          14    -0.48358   -0.482688 0.000337795         1.9
          15   -0.481412   -0.482603 0.000325815         1.9
          16   -0.483252   -0.482644 0.000307965         1.9
          17   -0.482232    -0.48262   0.0002908         1.9
          18    -0.48238   -0.482606 0.000274949         1.9
          19    -0.48336   -0.482646 0.000263325         1.9
          20   -0.482796   -0.482653 0.000250265         1.9
#     BLOCK:   ACTUAL_TE:    TE_AVE:      ERROR:      TEMPERATURE:
           1   -0.505068   -0.505068           0         1.8
           2     -0.5022   -0.503634  0.00101399         1.8
           3   -0.503884   -0.503717  0.00067941         1.8
           4    -0.50688   -0.504508  0.00085353         1.8
           5   -0.504536   -0.504514 0.000682843         1.8
           6   -0.502748   -0.504219 0.000629255         1.8
           7   -0.506072   -0.504484 0.000592412         1.8
           8   -0.504544   -0.504492 0.000518408         1.8
           9   -0.504968   -0.504544 0.000463503         1.8
          10   -0.503868   -0.504477  0.00042206         1.8
          11   -0.504436   -0.504473 0.000383707         1.8
          12   -0.505772   -0.504581 0.000366681         1.8
          13    -0.50374   -0.504517 0.000344139         1.8
          14    -0.50466   -0.504527  0.00031971         1.8
          15   -0.503912   -0.504486 0.000301012         1.8
          16   -0.506384   -0.504605 0.000304681         1.8
          17   -0.503868   -0.504561 0.000289822         1.8
          18   -0.505024   -0.504587 0.000274859         1.8
          19     -0.5067   -0.504698 0.000281998         1.8
          20   -0.503872   -0.504657 0.000270906         1.8
#     BLOCK:   ACTUAL_TE:    TE_AVE:      ERROR:      TEMPERATURE:
           1   -0.529488   -0.529488           0         1.7
           2   -0.526396   -0.527942  0.00109319         1.7
           3   -0.527904   -0.527929 0.000728865         1.7
           4   -0.530228   -0.528504  0.00073926         1.7
           5   -0.528628   -0.528529 0.000591824         1.7
           6     -0.5265   -0.528191 0.000581818         1.7
           7   -0.529704   -0.528407 0.000537368         1.7
           8   -0.528184   -0.528379 0.000470918         1.7
           9   -0.525568   -0.528067 0.000511795         1.7
          10   -0.527296    -0.52799 0.000466382         1.7
          11   -0.526992   -0.527899 0.000432711         1.7
          12   -0.527792    -0.52789 0.000396744         1.7
          13   -0.526316   -0.527769 0.000384256         1.7
          14   -0.529116   -0.527865 0.000368659         1.7
          15   -0.527656   -0.527851 0.000344346         1.7
          16    -0.52942   -0.527949 0.000336494         1.7
          17   -0.529204   -0.528023 0.000324694         1.7
          18   -0.529832   -0.528124 0.000321833         1.7
          19   -0.530468   -0.528247 0.000327696         1.7
          20   -0.529512    -0.52831 0.000317357         1.7
#     BLOCK:   ACTUAL_TE:    TE_AVE:      ERROR:      TEMPERATURE:
           1    -0.55558    -0.55558           0         1.6
           2   -0.551628   -0.553604  0.00139724         1.6
           3   -0.554308   -0.553839 0.000950997         1.6
           4   -0.556136   -0.554413  0.00086955         1.6
           5   -0.555204   -0.554571 0.000709885         1.6
           6   -0.552068   -0.554154 0.000703564         1.6
           7     -0.5574   -0.554618 0.000740262         1.6
           8    -0.55338   -0.554463   0.0006637         1.6
           9   -0.552672   -0.554264  0.00061907         1.6
          10   -0.554596   -0.554297 0.000558053         1.6
          11    -0.55466    -0.55433 0.000508295         1.6
          12   -0.556196   -0.554486  0.00048914         1.6
          13   -0.554504   -0.554487 0.000451516         1.6
          14   -0.555896   -0.554588 0.000430334         1.6
          15   -0.552704   -0.554462 0.000419569         1.6
          16   -0.553724   -0.554416 0.000395874         1.6
          17   -0.553812    -0.55438 0.000374178         1.6
          18   -0.556252   -0.554484 0.000367552         1.6
          19   -0.556592   -0.554595 0.000364561         1.6
          20   -0.552456   -0.554488 0.000361686         1.6
#     BLOCK:   ACTUAL_TE:    TE_AVE:      ERROR:      TEMPERATURE:
           1   -0.584176   -0.584176           0         1.5
           2   -0.581412   -0.582794 0.000977222         1.5
           3    -0.58254   -0.582709 0.000655139         1.5
           4   -0.585136   -0.583316 0.000719348         1.5
           5   -0.582896   -0.583232 0.000580362         1.5
           6   -0.582788   -0.583158  0.00048833         1.5
           7   -0.584116   -0.583295 0.000437326         1.5
           8    -0.58224   -0.583163 0.000402047         1.5
           9   -0.581232   -0.582948 0.000410653         1.5
          10   -0.583824   -0.583036 0.000378807         1.5
          11    -0.58272   -0.583007 0.000345458         1.5
          12   -0.583204   -0.583024 0.000317058         1.5
          13   -0.580972   -0.582866 0.000329616         1.5
          14   -0.583352   -0.582901 0.000307896         1.5
          15   -0.581404   -0.582801 0.000303104         1.5
          16   -0.582424   -0.582777 0.000285073         1.5
          17   -0.581088   -0.582678 0.000285097         1.5
          18   -0.584372   -0.582772 0.000284369         1.5
          19    -0.58292    -0.58278 0.000269509         1.5
          20    -0.58024   -0.582653 0.000284382         1.5
#     BLOCK:   ACTUAL_TE:    TE_AVE:      ERROR:      TEMPERATURE:
           1   -0.613988   -0.613988           0         1.4
           2    -0.61112   -0.612554  0.00101399         1.4
           3   -0.612548   -0.612552 0.000675996         1.4
           4   -0.616216   -0.613468 0.000941455         1.4
           5   -0.611676    -0.61311 0.000818546         1.4
           6    -0.61294   -0.613081 0.000682609         1.4
           7   -0.612808   -0.613042 0.000586209         1.4
           8   -0.611804   -0.612888 0.000532977         1.4
           9   -0.611528   -0.612736   0.0004947         1.4
          10   -0.613052   -0.612768 0.000446235         1.4
          11    -0.61298   -0.612787 0.000406085         1.4
          12   -0.613808   -0.612872 0.000381049         1.4
          13   -0.612412   -0.612837 0.000353379         1.4
          14    -0.61252   -0.612814 0.000328862         1.4
          15   -0.611284   -0.612712 0.000322374         1.4
          16   -0.612212   -0.612681 0.000303738         1.4
          17     -0.6124   -0.612664  0.00028632         1.4
          18   -0.616064   -0.612853 0.000326819         1.4
          19    -0.61376   -0.612901 0.000313083         1.4
          20   -0.610936   -0.612803 0.000312466         1.4
#     BLOCK:   ACTUAL_TE:    TE_AVE:      ERROR:      TEMPERATURE:
           1   -0.647384   -0.647384           0         1.3
           2   -0.644712   -0.646048 0.000944695         1.3
           3   -0.646308   -0.646135 0.000633759         1.3
           4   -0.647116    -0.64638 0.000520644         1.3
           5   -0.646596   -0.646423 0.000418303         1.3
           6   -0.646288   -0.646401 0.000349193         1.3
           7   -0.648792   -0.646742  0.00043545         1.3
           8   -0.645592   -0.646599 0.000404061         1.3
           9   -0.645364   -0.646461 0.000381738         1.3
          10   -0.646364   -0.646452 0.000343688         1.3
          11   -0.647536    -0.64655 0.000326276         1.3
          12   -0.646552    -0.64655 0.000299087         1.3
          13   -0.646824   -0.646571  0.00027682         1.3
          14    -0.64532   -0.646482 0.000271094         1.3
          15   -0.646292   -0.646469 0.000253317         1.3
          16   -0.644784   -0.646364 0.000258458         1.3
          17   -0.646392   -0.646366  0.00024326         1.3
          18   -0.649148    -0.64652 0.000274498         1.3
          19   -0.645732   -0.646479 0.000263167         1.3
          20   -0.644636   -0.646387 0.000265648         1.3
#     BLOCK:   ACTUAL_TE:    TE_AVE:      ERROR:      TEMPERATURE:
           1   -0.684716   -0.684716           0         1.2
           2    -0.68088   -0.682798  0.00135623         1.2
           3    -0.68204   -0.682545 0.000927391         1.2
           4   -0.683272   -0.682727 0.000713115         1.2
           5    -0.68304    -0.68279 0.000573233         1.2
           6   -0.681404   -0.682559 0.000522143         1.2
           7   -0.683232   -0.682655 0.000456325         1.2
           8   -0.683384   -0.682746 0.000408285         1.2
           9   -0.680608   -0.682508 0.000426466         1.2
          10   -0.684612   -0.682719 0.000432599         1.2
          11    -0.68332   -0.682773  0.00039671         1.2
          12   -0.683672   -0.682848  0.00037065         1.2
          13   -0.684324   -0.682962   0.0003591         1.2
          14   -0.680308   -0.682772 0.000380204         1.2
          15   -0.684516   -0.682889 0.000372205         1.2
          16   -0.683504   -0.682927 0.000350924         1.2
          17   -0.682772   -0.682918   0.0003304         1.2
          18    -0.68306   -0.682926 0.000312138         1.2
          19   -0.682776   -0.682918  0.00029581         1.2
          20   -0.682196   -0.682882 0.000283213         1.2
#     BLOCK:   ACTUAL_TE:    TE_AVE:      ERROR:      TEMPERATURE:
           1   -0.720584   -0.720584           0         1.1
           2   -0.722408   -0.721496 0.000644881         1.1
           3   -0.720464   -0.721152 0.000513539         1.1
           4   -0.721388   -0.721211 0.000388529         1.1
           5   -0.722356    -0.72144 0.000372242         1.1
           6   -0.718668   -0.720978 0.000523541         1.1
           7   -0.721812   -0.721097 0.000462107         1.1
           8   -0.718856   -0.720817 0.000481834         1.1
           9    -0.71952   -0.720673 0.000449331         1.1
          10   -0.720468   -0.720652 0.000404865         1.1
          11   -0.721224   -0.720704 0.000371379         1.1
          12   -0.721008    -0.72073 0.000341291         1.1
          13    -0.72326   -0.720924 0.000366361         1.1
          14   -0.719376   -0.720814 0.000356494         1.1
          15    -0.72192   -0.720887 0.000340271         1.1
          16   -0.722068   -0.720961 0.000326906         1.1
          17   -0.718892    -0.72084 0.000329559         1.1
          18   -0.719388   -0.720759 0.000320964         1.1
          19    -0.72248   -0.720849 0.000316596         1.1
          20   -0.720564   -0.720835 0.000301088         1.1
#     BLOCK:   ACTUAL_TE:    TE_AVE:      ERROR:      TEMPERATURE:
           1   -0.761504   -0.761504           0           1
           2    -0.76106   -0.761282 0.000156978           1
           3   -0.761964   -0.761509 0.000213086           1
           4    -0.76362   -0.762037 0.000484112           1
           5   -0.764588   -0.762547 0.000598529           1
           6   -0.763224    -0.76266 0.000509292           1
           7     -0.7615   -0.762494 0.000462712           1
           8    -0.75888   -0.762043 0.000585251           1
           9   -0.759968   -0.761812  0.00056379           1
          10    -0.76288   -0.761919 0.000517427           1
          11   -0.761304   -0.761863 0.000473398           1
          12   -0.762676   -0.761931  0.00043877           1
          13   -0.762856   -0.762002 0.000410752           1
          14   -0.760552   -0.761898 0.000394251           1
          15   -0.765072    -0.76211  0.00042093           1
          16   -0.764192    -0.76224  0.00041425           1
          17    -0.76056   -0.762141 0.000401497           1
          18    -0.76094   -0.762074 0.000384697           1
          19   -0.763008   -0.762124 0.000367574           1
          20   -0.761656     -0.7621 0.000349938           1
#     BLOCK:   ACTUAL_TE:    TE_AVE:      ERROR:      TEMPERATURE:
           1   -0.804388   -0.804388           0         0.9
           2   -0.804456   -0.804422 2.40416e-05         0.9
           3   -0.805336   -0.804727 0.000249275         0.9
           4     -0.8046   -0.804695 0.000188957         0.9
           5     -0.8035   -0.804456 0.000261816         0.9
           6    -0.80634    -0.80477  0.00036023         0.9
           7   -0.805468    -0.80487 0.000322274         0.9
           8   -0.803728   -0.804727 0.000311993         0.9
           9   -0.803288   -0.804567 0.000315649         0.9
          10   -0.806332   -0.804744 0.000329754         0.9
          11   -0.802676   -0.804556 0.000349262         0.9
          12   -0.807136   -0.804771 0.000380638         0.9
          13   -0.807328   -0.804967 0.000398966         0.9
          14   -0.803576   -0.804868 0.000382647         0.9
          15    -0.80438   -0.804835 0.000358517         0.9
          16   -0.805376   -0.804869 0.000337698         0.9
          17   -0.803144   -0.804768 0.000332733         0.9
          18   -0.804052   -0.804728 0.000316615         0.9
          19   -0.806536   -0.804823 0.000313926         0.9
          20   -0.803928   -0.804778 0.000301403         0.9
#     BLOCK:   ACTUAL_TE:    TE_AVE:      ERROR:      TEMPERATURE:
           1   -0.849744   -0.849744           0         0.8
           2   -0.847132   -0.848438 0.000923481         0.8
           3   -0.848424   -0.848433 0.000615666         0.8
           4     -0.8517    -0.84925 0.000844643         0.8
           5   -0.850836   -0.849567 0.000732859         0.8
           6   -0.852232   -0.850011 0.000733043         0.8
           7   -0.849812   -0.849983 0.000628876         0.8
           8   -0.847628   -0.849689 0.000615311         0.8
           9   -0.846412   -0.849324 0.000645722         0.8
          10   -0.848848   -0.849277 0.000582905         0.8
          11   -0.850384   -0.849377 0.000538534         0.8
          12   -0.847432   -0.849215 0.000517484         0.8
          13   -0.849088   -0.849206  0.00047777         0.8
          14   -0.845848   -0.848966 0.000500227         0.8
          15   -0.847872   -0.848893 0.000472163         0.8
          16   -0.850484   -0.848992 0.000453005         0.8
          17   -0.847924   -0.848929 0.000430694         0.8
          18   -0.851604   -0.849078 0.000431637         0.8
          19   -0.849084   -0.849078  0.00040892         0.8
          20    -0.84944   -0.849096 0.000388873         0.8
#     BLOCK:   ACTUAL_TE:    TE_AVE:      ERROR:      TEMPERATURE:
           1    -0.89354    -0.89354           0         0.7
           2    -0.89364    -0.89359 3.53553e-05         0.7
           3   -0.888812   -0.891997  0.00130062         0.7
           4   -0.886484   -0.890619  0.00154155         0.7
           5   -0.894912   -0.891478   0.0014528         0.7
           6   -0.894864   -0.892042  0.00131574         0.7
           7   -0.889624   -0.891697  0.00117225         0.7
           8   -0.890356   -0.891529  0.00103762         0.7
           9   -0.894988   -0.891913 0.000990957         0.7
          10   -0.897604   -0.892482  0.00104253         0.7
          11   -0.890124   -0.892268 0.000969551         0.7
          12     -0.8967   -0.892637 0.000956517         0.7
          13   -0.887952   -0.892277 0.000948412         0.7
          14   -0.888488   -0.892006 0.000918471         0.7
          15   -0.891824   -0.891994  0.00085732         0.7
          16   -0.891356   -0.891954 0.000804665         0.7
          17   -0.887388   -0.891686 0.000800908         0.7
          18   -0.894092   -0.891819  0.00076749         0.7
          19   -0.898892   -0.892192 0.000812368         0.7
          20   -0.892376   -0.892201 0.000771802         0.7
#     BLOCK:   ACTUAL_TE:    TE_AVE:      ERROR:      TEMPERATURE:
           1   -0.939272   -0.939272           0         0.6
           2   -0.937816   -0.938544 0.000514774         0.6
           3   -0.927532   -0.934873  0.00301667         0.6
           4   -0.927404   -0.933006  0.00278103         0.6
           5    -0.93428   -0.933261  0.00223647         0.6
           6   -0.936624   -0.933821  0.00193269         0.6
           7   -0.931156   -0.933441  0.00169368         0.6
           8   -0.932796    -0.93336  0.00148389         0.6
           9   -0.937348   -0.933803  0.00138359         0.6
          10   -0.939484   -0.934371  0.00135685         0.6
          11   -0.929344   -0.933914  0.00130821         0.6
          12   -0.936372   -0.934119  0.00121512         0.6
          13    -0.93742   -0.934373  0.00114787         0.6
          14   -0.931448   -0.934164  0.00108473         0.6
          15   -0.931176   -0.933965  0.00103054         0.6
          16   -0.940084   -0.934347  0.00103467         0.6
          17   -0.934684   -0.934367 0.000973995         0.6
          18   -0.931188    -0.93419  0.00093576         0.6
          19   -0.936072   -0.934289 0.000891734         0.6
          20   -0.937868   -0.934468 0.000864912         0.6
#     BLOCK:   ACTUAL_TE:    TE_AVE:      ERROR:      TEMPERATURE:
           1   -0.973224   -0.973224           0         0.5
           2    -0.97418   -0.973702 0.000337997         0.5
           3   -0.969212   -0.972205  0.00124262         0.5
           4   -0.970832   -0.971862  0.00097825         0.5
           5   -0.975112   -0.972512 0.000974917         0.5
           6   -0.973092   -0.972609 0.000817209         0.5
           7    -0.96858   -0.972033 0.000880091         0.5
           8    -0.97576   -0.972499 0.000884826         0.5
           9   -0.975896   -0.972876 0.000863271         0.5
          10   -0.978896   -0.973478 0.000964239         0.5
          11    -0.97844   -0.973929 0.000976396         0.5
          12    -0.97442    -0.97397 0.000895885         0.5
          13   -0.972188   -0.973833 0.000837396         0.5
          14   -0.970544   -0.973598  0.00080987         0.5
          15     -0.9792   -0.973972 0.000837567         0.5
          16    -0.97886   -0.974277 0.000839092         0.5
          17   -0.980616    -0.97465 0.000868638         0.5
          18   -0.966632   -0.974205 0.000927592         0.5
          19   -0.975608   -0.974279 0.000881707         0.5
          20   -0.970856   -0.974107 0.000854067         0.5
