#     BLOCK:       POFV:   AVE_POFV:      ERROR:
           1 1.85185e-05 1.85185e-05           0
           1 0.000689815 0.000689815           0
           1 0.000648148 0.000648148           0
           1  0.00728704  0.00728704           0
           1  0.00256944  0.00256944           0
           1 0.000587963 0.000587963           0
           1  0.00727315  0.00727315           0
           1   0.0251019   0.0251019           0
           1  0.00935648  0.00935648           0
           1  0.00962037  0.00962037           0
           1   0.0187037   0.0187037           0
           1   0.0292685   0.0292685           0
           1    0.040963    0.040963           0
           1   0.0310694   0.0310694           0
           1    0.441856    0.441856           0
           1    0.181648    0.181648           0
           1   0.0668519   0.0668519           0
           1   0.0395833   0.0395833           0
           1   0.0221481   0.0221481           0
           1   0.0254676   0.0254676           0
           1   0.0219537   0.0219537           0
           1  0.00557407  0.00557407           0
           1  0.00614815  0.00614815           0
           1  0.00312963  0.00312963           0
           1  0.00183333  0.00183333           0
           1 0.000648148 0.000648148           0
           1           0           0           0
           1           0           0           0
           1           0           0           0
           1           0           0           0


           2           0 9.25926e-06 6.54729e-06
           2 4.62963e-05 0.000368056 0.000227518
           2 5.55556e-05 0.000351852 0.000209513
           2 0.000990741  0.00413889  0.00222608
           2   0.0069213  0.00474537  0.00153861
           2   0.0227685   0.0116782  0.00784201
           2  0.00869907  0.00798611 0.000504141
           2    0.026463   0.0257824 0.000481225
           2   0.0442639   0.0268102   0.0123416
           2   0.0413009   0.0254606   0.0112008
           2    0.074588   0.0466458   0.0197581
           2   0.0563565   0.0428125  0.00957704
           2   0.0712176   0.0560903   0.0106966
           2   0.0707963   0.0509329   0.0140456
           2   0.0941019    0.267979     0.12295
           2   0.0956574    0.138653   0.0304023
           2    0.103194   0.0850231    0.012849
           2   0.0630046    0.051294  0.00828068
           2   0.0429861   0.0325671  0.00736733
           2   0.0610278   0.0432477   0.0125724
           2   0.0496944   0.0358241  0.00980783
           2    0.026338    0.015956  0.00734114
           2    0.017875   0.0120116  0.00414607
           2   0.0148056  0.00896759  0.00412806
           2  0.00459722  0.00321528 0.000977182
           2 0.000569444 0.000608796  2.7826e-05
           2 1.85185e-05 9.25926e-06 6.54729e-06
           2 2.31481e-05 1.15741e-05 8.18411e-06
           2  0.00155093 0.000775463 0.000548335
           2  8.7963e-05 4.39815e-05 3.10996e-05


           3 0.000523148 0.000180556 0.000139931
           3  0.00145833 0.000731481 0.000333255
           3   0.0065463  0.00241667  0.00169169
           3   0.0125509   0.0069429  0.00272838
           3   0.0123472  0.00727932  0.00230927
           3   0.0192593   0.0142052  0.00562043
           3   0.0202361   0.0120694  0.00335093
           3   0.0394259   0.0303302  0.00372713
           3     0.03525   0.0296235  0.00854238
           3   0.0584398   0.0364537   0.0116758
           3   0.0735185   0.0556034   0.0150663
           3   0.0956204   0.0604151   0.0157268
           3   0.0715093   0.0612299  0.00827424
           3   0.0496019   0.0504892  0.00937071
           3    0.047875    0.194611    0.101524
           3   0.0559074    0.111071    0.030298
           3    0.071088   0.0803781   0.0093681
           3   0.0586296   0.0537392  0.00587039
           3   0.0577778   0.0409707  0.00843819
           3   0.0504167   0.0456373  0.00860572
           3    0.046963    0.039537  0.00720718
           3   0.0256343   0.0191821  0.00555793
           3   0.0181204   0.0140478  0.00322555
           3   0.0373194   0.0184182  0.00819247
           3   0.0141157  0.00684877  0.00303741
           3    0.007125  0.00278086  0.00177358
           3  0.00733333  0.00245062  0.00199337
           3  0.00246759 0.000830247 0.000668466
           3  0.00131019 0.000953704 0.000393461
           3  0.00162963 0.000572531 0.000432057


           4 0.000638889 0.000295139 0.000144434
           4   0.0016713 0.000966435 0.000322293
           4  0.00727315  0.00363079  0.00164783
           4  0.00531019  0.00653472  0.00207659
           4   0.0141574  0.00899884  0.00228413
           4   0.0231343   0.0164375  0.00463747
           4   0.0443472   0.0201389  0.00742651
           4   0.0443843   0.0338438  0.00413189
           4   0.0424537    0.032831  0.00698307
           4   0.0496944   0.0397639  0.00921412
           4   0.0870185   0.0634572   0.0131889
           4    0.080463   0.0654271   0.0125684
           4   0.0815231   0.0663032  0.00760357
           4   0.0379491   0.0473542  0.00753423
           4    0.039537    0.155843   0.0832165
           4   0.0734907    0.101676   0.0241363
           4   0.0564259     0.07439  0.00873259
           4    0.049787   0.0527512  0.00448517
           4   0.0481991   0.0427778  0.00651928
           4   0.0518241    0.047184  0.00659182
           4   0.0349028   0.0383785  0.00549772
           4   0.0450926   0.0256597  0.00698897
           4   0.0214444    0.015897  0.00290119
           4   0.0134074   0.0171655  0.00623939
           4  0.00784722  0.00709838  0.00228829
           4  0.00561111  0.00348843  0.00146454
           4  0.00750926  0.00371528  0.00185327
           4   0.0108148  0.00332639   0.0022191
           4  0.00636111  0.00230556  0.00120736
           4  0.00772685  0.00236111  0.00158249


           5 4.16667e-05 0.000244444 0.000124125
           5  0.00224537  0.00122222 0.000344703
           5   0.0122222  0.00534907   0.0020248
           5   0.0105648  0.00734074  0.00181096
           5   0.0165926   0.0105176  0.00227691
           5   0.0187269   0.0168954  0.00373251
           5   0.0302407   0.0221593  0.00620995
           5    0.035463   0.0341676  0.00331818
           5    0.066713   0.0396074  0.00824282
           5   0.0731481   0.0464407  0.00948685
           5   0.0794861    0.066663   0.0109338
           5   0.0581713   0.0639759   0.0101381
           5   0.0727731   0.0675972  0.00619198
           5   0.0781204   0.0535074  0.00816206
           5    0.071713    0.139017   0.0682531
           5   0.0418009   0.0897009   0.0220807
           5       0.057    0.070912  0.00764738
           5   0.0523009   0.0526611  0.00358904
           5   0.0270556   0.0396333  0.00592542
           5   0.0284074   0.0434287   0.0062523
           5   0.0279306   0.0362889  0.00477881
           5   0.0205926   0.0246463  0.00566417
           5   0.0309213   0.0189019  0.00355108
           5   0.0133102   0.0163944  0.00503893
           5   0.0137639  0.00843148  0.00218471
           5  0.00485648  0.00376204  0.00119692
           5  0.00821296  0.00461481  0.00168686
           5   0.0129213  0.00524537  0.00246933
           5   0.0142963   0.0047037  0.00235241
           5   0.0204074  0.00597037  0.00346758


           6 0.000472222 0.000282407 0.000109089
           6  0.00506019  0.00186188 0.000650758
           6  0.00700926  0.00562577  0.00170614
           6   0.0139444  0.00844136  0.00181299
           6   0.0257593   0.0130579  0.00299629
           6   0.0247963   0.0182122  0.00333463
           6   0.0436111   0.0257346  0.00611822
           6   0.0348981   0.0342894  0.00276738
           6   0.0527454   0.0417971  0.00715394
           6   0.0612361   0.0489066  0.00821994
           6   0.0762222   0.0682562  0.00922681
           6    0.050125   0.0616674  0.00870731
           6    0.086375   0.0707269   0.0058981
           6   0.0849769   0.0587523  0.00831791
           6   0.0607593    0.125974   0.0581104
           6   0.0812361   0.0882901   0.0184456
           6   0.0480556   0.0671026  0.00725988
           6    0.030662   0.0489946  0.00448866
           6   0.0244213    0.037098  0.00545335
           6   0.0238056   0.0401582  0.00600503
           6  0.00935185   0.0317994  0.00571449
           6   0.0166065   0.0233063  0.00487607
           6   0.0234398   0.0196582  0.00303871
           6   0.0223426   0.0173858  0.00429552
           6   0.0126389  0.00913272  0.00192985
           6   0.0103009  0.00485185  0.00140876
           6  0.00822685  0.00521682  0.00150932
           6    0.013787  0.00666898  0.00243379
           6   0.0154676  0.00649769  0.00255439
           6   0.0316667   0.0102531  0.00486156


           7 0.000648148 0.000334656 0.000105276
           7  0.00355556  0.00210384 0.000601091
           7   0.0134444  0.00674272  0.00179108
           7   0.0161574  0.00954365  0.00185913
           7   0.0187407   0.0138697  0.00267597
           7   0.0220093   0.0187546  0.00290204
           7   0.0459954    0.028629  0.00588916
           7   0.0484306   0.0363095   0.0030207
           7   0.0456204   0.0423433  0.00615276
           7   0.0507593   0.0491713  0.00704992
           7   0.0680694   0.0682295  0.00790873
           7   0.0607315   0.0615337  0.00746443
           7   0.0741157    0.071211  0.00507535
           7   0.0632222   0.0593909   0.0071541
           7   0.0571157    0.116137   0.0506347
           7   0.0670787   0.0852599   0.0160575
           7   0.0592963   0.0659874  0.00630783
           7   0.0435139   0.0482116  0.00391511
           7   0.0358426   0.0369187  0.00467725
           7   0.0300602   0.0387156  0.00531762
           7    0.020875   0.0302388   0.0051068
           7   0.0147963   0.0220906  0.00432839
           7   0.0299028   0.0211217  0.00293596
           7   0.0167731   0.0172983  0.00368277
           7   0.0225324    0.011047  0.00242427
           7      0.0335  0.00894444  0.00397676
           7  0.00780093  0.00558598  0.00133809
           7  0.00129167  0.00590079  0.00220401
           7  0.00827778  0.00675198   0.0022021
           7   0.0198426    0.011623   0.0043558


           8  0.00374537 0.000760995 0.000409304
           8  0.00349537  0.00227778 0.000550547
           8    0.011838  0.00737963  0.00167662
           8   0.0161713   0.0103721   0.0018019
           8   0.0208241    0.014739  0.00247865
           8   0.0282222   0.0199381   0.0027701
           8   0.0231528   0.0279444  0.00519265
           8   0.0427963   0.0371204  0.00274979
           8   0.0568472   0.0441562  0.00564446
           8   0.0670556   0.0514068  0.00651349
           8   0.0811759   0.0698478  0.00708378
           8   0.0512269   0.0602454  0.00664163
           8   0.0611852   0.0699578  0.00459305
           8    0.060088    0.059478  0.00626037
           8    0.061625    0.109323   0.0447615
           8   0.0474352   0.0805318     0.01473
           8    0.054213   0.0645156  0.00568847
           8   0.0438472   0.0476661  0.00346352
           8   0.0542315   0.0390828  0.00456588
           8   0.0338981   0.0381134  0.00468689
           8   0.0374028   0.0311343  0.00454628
           8   0.0366991   0.0239167  0.00415471
           8   0.0233519   0.0214005  0.00258217
           8   0.0207824   0.0177338  0.00324807
           8   0.0228148   0.0125179  0.00252843
           8   0.0112778  0.00923611  0.00349035
           8  0.00374074  0.00535532  0.00119054
           8 0.000976852   0.0052853  0.00201261
           8  0.00252315  0.00622338  0.00198927
           8   0.0173565   0.0123397  0.00386983


           9           0  0.00067644 0.000372457
           9  0.00331481    0.002393 0.000501288
           9  0.00526852  0.00714506  0.00150665
           9   0.0240926   0.0118966  0.00215204
           9     0.01675   0.0149624  0.00221329
           9   0.0206019   0.0200118  0.00246329
           9   0.0399769   0.0292814   0.0047847
           9   0.0492269   0.0384655  0.00275369
           9   0.0397269   0.0436641  0.00503871
           9   0.0492593   0.0511682  0.00579414
           9   0.0864907    0.071697   0.0065336
           9   0.0801944   0.0624619  0.00626264
           9   0.0613056   0.0689964  0.00418211
           9    0.068713   0.0605041  0.00564824
           9   0.0577315    0.103591   0.0401534
           9   0.0366065   0.0756512   0.0138783
           9    0.035537   0.0612958  0.00589769
           9   0.0604259   0.0490838  0.00335634
           9   0.0373611   0.0388915  0.00406256
           9   0.0369722   0.0379866  0.00416784
           9   0.0326019   0.0312973  0.00404406
           9   0.0438657   0.0261332  0.00424335
           9    0.033537    0.022749  0.00262386
           9   0.0253843   0.0185838  0.00299634
           9   0.0189815   0.0132361  0.00234727
           9   0.0101852  0.00934156  0.00310412
           9  0.00643981  0.00547582  0.00106434
           9  0.00331481  0.00506636  0.00180086
           9  0.00636111  0.00623868   0.0017683
           9  0.00977315   0.0120545  0.00345034


          10 0.000143519 0.000623148 0.000339003
          10  0.00166667  0.00232037 0.000456391
          10   0.0151111  0.00794167  0.00155236
          10   0.0196667   0.0126736  0.00207236
          10    0.026963   0.0161625  0.00229435
          10   0.0303889   0.0210495  0.00242571
          10   0.0186713   0.0282204  0.00442231
          10   0.0367731   0.0382963  0.00248352
          10   0.0480741   0.0441051   0.0045541
          10   0.0597315   0.0520245  0.00527762
          10   0.0531111   0.0698384  0.00613891
          10   0.0649352   0.0627093  0.00564126
          10   0.0706065   0.0691574    0.003767
          10   0.0493102   0.0593847  0.00519315
          10   0.0531389   0.0985454   0.0364536
          10   0.0681111   0.0748972    0.012511
          10   0.0838426   0.0635505   0.0057227
          10   0.0576111   0.0499366  0.00312715
          10   0.0406528   0.0390676  0.00366012
          10   0.0261065   0.0367986  0.00391671
          10   0.0470509   0.0328727  0.00393455
          10   0.0345694   0.0269769  0.00390198
          10    0.014338   0.0219079  0.00249264
          10   0.0179954    0.018525  0.00269729
          10   0.0212917   0.0140417  0.00224653
          10    0.011787  0.00958611  0.00280333
          10  0.00683333  0.00561157 0.000966522
          10   0.0151204  0.00607176   0.0018806
          10  0.00406481   0.0060213  0.00160478
          10  0.00233333   0.0110824  0.00323936


          11 0.000699074 0.000630051 0.000308255
          11  0.00197685  0.00228914 0.000415968
          11  0.00664815  0.00782407  0.00141568
          11   0.0178565   0.0131448  0.00193679
          11   0.0278796   0.0172277   0.0023199
          11   0.0280509    0.021686  0.00228717
          11    0.036213    0.028947  0.00407953
          11   0.0346019   0.0379604  0.00228034
          11   0.0560694   0.0451928    0.004268
          11   0.0507269   0.0519066  0.00479916
          11   0.0416667   0.0672774  0.00609167
          11   0.0509907   0.0616439  0.00522804
          11   0.0625231   0.0685543  0.00347249
          11   0.0539769   0.0588931  0.00474426
          11   0.0665046   0.0956326   0.0332558
          11   0.0730417   0.0747285   0.0113747
          11   0.0833194   0.0653476  0.00547739
          11   0.0501204   0.0499533  0.00284291
          11   0.0534306   0.0403733  0.00355266
          11   0.0427685   0.0373413  0.00359805
          11   0.0395926   0.0334836  0.00362398
          11   0.0331157   0.0275349  0.00358694
          11   0.0207593   0.0218035  0.00226822
          11   0.0151065   0.0182142  0.00246992
          11    0.020287   0.0146094  0.00211282
          11  0.00964815  0.00959175  0.00254848
          11  0.00631481  0.00567551 0.000880769
          11  0.00667593  0.00612668  0.00171044
          11  0.00227315  0.00568056  0.00149462
          11  0.00716204    0.010726  0.00296441


          12 3.24074e-05 0.000580247 0.000286562
          12 7.40741e-05  0.00210455  0.00042027
          12  0.00438889  0.00753781  0.00132633
          12  0.00919907    0.012816  0.00180308
          12   0.0140231   0.0169606  0.00214189
          12    0.028125   0.0222226   0.0021586
          12   0.0380972   0.0297095  0.00381017
          12   0.0471481   0.0387261  0.00221512
          12   0.0397593     0.04474  0.00393628
          12   0.0509491   0.0518268  0.00439989
          12   0.0669491     0.06725  0.00558409
          12   0.0528519   0.0609113  0.00484343
          12   0.0755833     0.06914  0.00323214
          12   0.0807037   0.0607106  0.00468414
          12   0.0642639   0.0930185   0.0305871
          12   0.0652778    0.073941   0.0104541
          12   0.0690833    0.065659  0.00502978
          12   0.0486111   0.0498414   0.0026082
          12   0.0416481   0.0404796  0.00325819
          12   0.0395046   0.0375216  0.00330273
          12   0.0539074   0.0351856  0.00370012
          12   0.0211157       0.027  0.00332768
          12   0.0202037   0.0216701  0.00208312
          12   0.0118194   0.0176813  0.00232087
          12   0.0101574   0.0142384  0.00196906
          12   0.0165046   0.0101678  0.00240034
          12  0.00721296  0.00580363 0.000816637
          12  0.00849537  0.00632407  0.00157925
          12  0.00762037  0.00584221  0.00137879
          12  0.00668981   0.0103897  0.00273639


          13 0.000611111 0.000582621 0.000264528
          13  0.00146759  0.00205556 0.000390787
          13   0.0033287  0.00721403  0.00126321
          13  0.00508333   0.0122212  0.00175976
          13  0.00726852   0.0162151  0.00210288
          13       0.019   0.0219747  0.00200674
          13   0.0345648    0.030083  0.00353534
          13   0.0529815   0.0398226  0.00230019
          13   0.0457917   0.0448209  0.00363432
          13   0.0589352   0.0523736  0.00409527
          13   0.0782361   0.0680951   0.0052181
          13   0.0721435   0.0617753  0.00454728
          13   0.0852685   0.0703807  0.00321281
          13   0.0677222     0.06125  0.00435477
          13   0.0567315   0.0902272   0.0283613
          13   0.0792361   0.0743483  0.00965784
          13   0.0631852   0.0654687  0.00464647
          13   0.0487037   0.0497539  0.00240904
          13   0.0312546   0.0397699  0.00308387
          13   0.0374676   0.0375175  0.00304867
          13   0.0351111   0.0351798   0.0034155
          13   0.0192361   0.0264028  0.00312483
          13   0.0167546    0.021292   0.0019569
          13   0.0105787    0.017135  0.00220571
          13   0.0213519   0.0147856  0.00189209
          13  0.00986574   0.0101446  0.00221581
          13  0.00243981  0.00554487 0.000793754
          13  0.00840741  0.00648433  0.00146588
          13  0.00703241  0.00593376  0.00127576
          13   0.0202407   0.0111474  0.00262873


          14 4.62963e-06 0.000541336 0.000248834
          14  0.00314352  0.00213327  0.00037052
          14 0.000703704  0.00674901  0.00125566
          14  0.00305093   0.0115661  0.00175173
          14    0.018625   0.0163872  0.00195971
          14   0.0196713   0.0218102  0.00187013
          14   0.0164259   0.0291075  0.00341475
          14    0.045338   0.0402166  0.00216936
          14   0.0522361   0.0453505   0.0034131
          14   0.0554028   0.0525899  0.00380847
          14   0.0693657   0.0681858  0.00484617
          14   0.0838889   0.0633548  0.00448843
          14   0.0889907     0.07171  0.00324669
          14   0.0655926   0.0615602  0.00405474
          14   0.0528194   0.0875552    0.026461
          14   0.0823889   0.0749226  0.00898506
          14   0.0682593    0.065668  0.00431885
          14   0.0619074    0.050622  0.00238826
          14   0.0389722    0.039713  0.00286412
          14   0.0270648   0.0367708   0.0029209
          14     0.01725   0.0338991  0.00340319
          14   0.0126111   0.0254177  0.00305297
          14   0.0266713   0.0216763  0.00185446
          14   0.0303843   0.0180813  0.00224201
          14  0.00876389   0.0143555  0.00180517
          14  0.00968056   0.0101114  0.00205778
          14   0.0130787    0.006083 0.000901196
          14  0.00713889  0.00653108  0.00136192
          14  0.00646296  0.00597156   0.0011852
          14   0.0141065   0.0113588  0.00244945


          15  0.00131019 0.000592593 0.000237466
          15  0.00256481  0.00216204 0.000346934
          15  0.00208796  0.00643827  0.00120979
          15  0.00749537   0.0112948  0.00165584
          15   0.0131898   0.0161741  0.00184062
          15   0.0181713   0.0215676  0.00176112
          15   0.0190093   0.0284343  0.00325278
          15   0.0298565   0.0395259  0.00213185
          15   0.0581528    0.046204  0.00329054
          15   0.0765231   0.0541855   0.0038744
          15    0.087963   0.0695043  0.00469902
          15    0.104824   0.0661194   0.0049682
          15   0.0706296    0.071638  0.00303105
          15   0.0502731   0.0608077  0.00385361
          15    0.054162    0.085329   0.0247904
          15   0.0553935   0.0736207  0.00847986
          15   0.0662731   0.0657083  0.00403112
          15   0.0493148   0.0505349  0.00223063
          15   0.0454259   0.0400938  0.00269838
          15   0.0274861   0.0361519  0.00279099
          15    0.025662     0.03335  0.00322031
          15   0.0296667   0.0257009  0.00286255
          15       0.026   0.0219645  0.00175308
          15   0.0184306   0.0181046  0.00209266
          15   0.0135324   0.0143006  0.00168566
          15   0.0120463   0.0102404  0.00192464
          15  0.00652315  0.00611235 0.000841594
          15  0.00248611  0.00626142  0.00129755
          15  0.00268519  0.00575247  0.00112625
          15   0.0228611   0.0121256  0.00240319


          16 4.16667e-05  0.00055816 0.000225107
          16  0.00506481  0.00234346 0.000369655
          16  0.00208333  0.00616609  0.00116439
          16  0.00932407   0.0111716  0.00155692
          16   0.0107361   0.0158342  0.00175668
          16   0.0171852   0.0212937  0.00167221
          16   0.0537037   0.0300136  0.00341142
          16   0.0472407   0.0400081  0.00205242
          16   0.0786204     0.04823  0.00365578
          16   0.0635648   0.0547717  0.00367633
          16   0.0591343   0.0688562  0.00444981
          16   0.0514444   0.0652023  0.00474159
          16   0.0753148   0.0718678   0.0028503
          16   0.0596111   0.0607329  0.00361349
          16   0.0567731   0.0835443   0.0233052
          16   0.0729537    0.073579  0.00794997
          16   0.0512269   0.0648032  0.00387945
          16   0.0392176   0.0498275  0.00220051
          16    0.051625   0.0408145  0.00262421
          16   0.0421759   0.0365284  0.00264183
          16   0.0292037   0.0330909  0.00302945
          16   0.0204213   0.0253709  0.00270259
          16   0.0298796   0.0224592  0.00171189
          16  0.00959259   0.0175726  0.00202837
          16  0.00933796   0.0139905  0.00160859
          16   0.0117222    0.010333  0.00180657
          16   0.0110926  0.00642361 0.000844596
          16  0.00336574  0.00608044  0.00122901
          16  0.00516204  0.00571557  0.00105646
          16   0.0231806   0.0128166  0.00235021


          17 9.72222e-05 0.000531046 0.000213492
          17 0.000583333  0.00223992 0.000362121
          17   0.0103333  0.00641122   0.0011214
          17   0.0192778   0.0116484  0.00153663
          17   0.0167778   0.0158897  0.00165422
          17   0.0251759   0.0215221  0.00158937
          17       0.042   0.0307187   0.0032828
          17   0.0541667    0.040841  0.00209386
          17   0.0472222   0.0481708  0.00344121
          17   0.0402315   0.0539164  0.00355818
          17   0.0679352    0.068802  0.00418838
          17    0.060088   0.0649014  0.00447221
          17   0.0613565   0.0712495  0.00274889
          17   0.0871806   0.0622887  0.00372079
          17   0.0666296   0.0825493   0.0219555
          17   0.0656944   0.0731152  0.00749584
          17    0.056713   0.0643273  0.00368032
          17    0.049537   0.0498105  0.00207113
          17   0.0350046   0.0404728    0.002492
          17   0.0349583    0.036436  0.00248804
          17   0.0388704   0.0334308  0.00287026
          17   0.0270278   0.0254684  0.00254537
          17   0.0149676   0.0220185  0.00166695
          17  0.00489815   0.0168271  0.00204148
          17  0.00499074   0.0134611  0.00159871
          17  0.00702315   0.0101383  0.00171076
          17   0.0121481  0.00676035 0.000859424
          17    0.011875   0.0064213  0.00120305
          17    0.018838  0.00648747  0.00124477
          17   0.0183981   0.0131449  0.00223478


          18 1.38889e-05 0.000502315 0.000203555
          18 5.55556e-05  0.00211857 0.000361766
          18  0.00391204  0.00627238  0.00106766
          18   0.0141435    0.011787   0.0014575
          18   0.0189769   0.0160612  0.00157119
          18   0.0152778   0.0211752  0.00153846
          18   0.0214398   0.0302032  0.00314064
          18   0.0450648   0.0410756  0.00199064
          18   0.0542454   0.0485082  0.00326654
          18   0.0636667   0.0544581  0.00340149
          18   0.0770787   0.0692618  0.00398086
          18   0.0637176   0.0648356  0.00422423
          18   0.0688056   0.0711137  0.00259952
          18   0.0794769   0.0632436  0.00363455
          18   0.0722593   0.0819776   0.0207432
          18   0.0343796   0.0709632  0.00738185
          18   0.0562361   0.0638778   0.0035032
          18   0.0690093   0.0508771  0.00221374
          18   0.0458565   0.0407719  0.00237144
          18   0.0298287   0.0360689  0.00237674
          18   0.0431944   0.0339733  0.00276158
          18   0.0380972     0.02617  0.00249879
          18   0.0202315   0.0219192  0.00157729
          18   0.0190833   0.0169524  0.00193191
          18  0.00656481   0.0130779  0.00155512
          18  0.00753704  0.00999383  0.00162181
          18  0.00747222   0.0067999 0.000812588
          18  0.00603241  0.00639969  0.00113641
          18  0.00934259  0.00664609  0.00118568
          18       0.009   0.0129146  0.00212246


          19 1.38889e-05 0.000476608 0.000194458
          19  0.00196759  0.00211062 0.000342813
          19   0.0100046  0.00646881  0.00102938
          19   0.0163611   0.0120278  0.00140053
          19   0.0145741   0.0159829  0.00149044
          19   0.0273287    0.021499  0.00149119
          19    0.041338   0.0307892  0.00302952
          19    0.035463   0.0407802  0.00190766
          19   0.0565046   0.0489291  0.00312161
          19   0.0537361   0.0544201  0.00322267
          19   0.0627269   0.0689179  0.00378617
          19   0.0600787   0.0645853  0.00400932
          19   0.0614213   0.0706036  0.00251226
          19   0.0584306   0.0629903  0.00345207
          19   0.0469259   0.0801328   0.0197333
          19   0.0485787   0.0697851  0.00708672
          19   0.0474028   0.0630107  0.00342445
          19   0.0740046   0.0520943  0.00240875
          19    0.065537   0.0420753  0.00258009
          19   0.0569537   0.0371681   0.0024929
          19    0.039625   0.0342707   0.0026322
          19    0.040713   0.0269354  0.00248173
          19    0.022088   0.0219281   0.0014943
          19   0.0202037   0.0171235  0.00183779
          19   0.0124213   0.0130434  0.00147366
          19  0.00308796  0.00963036  0.00157666
          19    0.006625  0.00679069 0.000769872
          19  0.00598611  0.00637792  0.00107681
          19  0.00438426  0.00652705  0.00112924
          19  0.00551389   0.0125251  0.00204618


          20           0 0.000452778  0.00018619
          20 0.000532407  0.00203171 0.000334631
          20  0.00291204  0.00629097 0.000993158
          20   0.0101111   0.0119319  0.00133378
          20   0.0134444    0.015856  0.00142131
          20   0.0250509   0.0216766  0.00142717
          20   0.0247037    0.030485  0.00289329
          20   0.0373009   0.0406063   0.0018202
          20   0.0519537   0.0490803  0.00296919
          20   0.0684815   0.0551231   0.0031373
          20     0.05275   0.0681095  0.00368215
          20   0.0623426   0.0644731  0.00381042
          20   0.0612454   0.0701356  0.00242983
          20   0.0693843     0.06331  0.00329424
          20   0.0578704   0.0790197    0.018778
          20   0.0701111   0.0698014   0.0067324
          20   0.0810463   0.0639125  0.00336988
          20   0.0868981   0.0538345  0.00284837
          20   0.0527917   0.0426111   0.0025061
          20   0.0416204   0.0373907  0.00237818
          20   0.0319769    0.034156  0.00250309
          20    0.014713   0.0263243  0.00243173
          20   0.0162546   0.0216444  0.00144626
          20  0.00873148   0.0167039  0.00179317
          20   0.0179676   0.0132896  0.00142039
          20   0.0123565  0.00976667  0.00150371
          20  0.00391667  0.00664699 0.000744669
          20  0.00839815  0.00647894  0.00102769
          20  0.00797685  0.00659954   0.0010751
          20  0.00715741   0.0122567  0.00196139


