#STEP: TEMPERATURA: MU: SIGMA: <H>: ERRORE:
0 1.98 0.245299 0.959299 -0.242362 0.006344
1 1.9602 0.152384 0.968149 -0.249192 0.00708667
2 1.9406 0.427933 0.952139 -0.259939 0.00853697
3 1.92119 0.427933 0.952139 -0.262942 0.0120519
4 1.90198 0.616018 0.770886 -0.31863 0.0045839
5 1.88296 0.616018 0.770886 -0.321227 0.00611471
6 1.86413 0.616018 0.770886 -0.325385 0.00600587
7 1.84549 0.616018 0.770886 -0.331795 0.0044749
8 1.82703 0.0618768 0.970275 -0.248678 0.00579776
9 1.80876 0.0618768 0.970275 -0.245732 0.00576348
10 1.79068 0.789761 0.537407 -0.38981 0.00450016
11 1.77277 0.789761 0.537407 -0.387057 0.0048419
12 1.75504 0.689636 0.713395 -0.384728 0.004034
13 1.73749 1.24587 0.652226 0.579055 0.0179153
14 1.72012 0.940535 0.524882 -0.269472 0.00413767
15 1.70292 0.940535 0.524882 -0.274476 0.00397835
16 1.68589 0.940535 0.524882 -0.276855 0.00386707
17 1.66903 0.169514 1.16302 -0.116698 0.0168357
18 1.65234 0.169514 1.16302 -0.118187 0.0160852
19 1.63581 0.169514 1.16302 -0.114047 0.0194698
20 1.61946 0.699776 1.01229 -0.0383555 0.017456
21 1.60326 1.28277 0.368285 0.955241 0.0133711
22 1.58723 1.28277 0.368285 0.93031 0.0136777
23 1.57136 0.796417 0.45583 -0.0996779 0.00973266
24 1.55564 0.796417 0.45583 -0.0988638 0.00974584
25 1.54009 0.796417 0.45583 -0.120772 0.00782475
26 1.52469 0.202566 0.354025 1.24179 0.011876
27 1.50944 0.427481 0.497653 0.0770112 0.00704817
28 1.49434 0.180949 0.575619 0.335995 0.00819349
29 1.4794 0.667403 0.416111 0.0768206 0.0117281
30 1.46461 0.258948 0.249099 1.61013 0.0218427
31 1.44996 0.83842 0.928566 0.0296482 0.0165823
32 1.43546 1.22939 0.683072 0.598414 0.0197901
33 1.42111 0.883347 0.92807 0.0867593 0.02111
34 1.4069 0.883347 0.92807 0.116667 0.0215253
35 1.39283 0.883347 0.92807 0.0649724 0.0236654
36 1.3789 1.36133 0.43299 0.973069 0.00903483
37 1.36511 1.39622 0.530836 1.16678 0.0179038
38 1.35146 1.67503 0.369397 3.65704 0.0181582
39 1.33794 1.67503 0.369397 3.69434 0.0204565
40 1.32456 1.2378 0.811433 1.10038 0.0249217
41 1.31132 0.776011 1.28378 1.30474 0.0560973
42 1.29821 0.573872 0.913903 -0.263461 0.00855017
43 1.28522 0.573872 0.913903 -0.254296 0.00873183
44 1.27237 0.80993 0.851931 -0.189365 0.0128506
45 1.25965 0.408427 0.802663 -0.231064 0.00507114
46 1.24705 0.408427 0.802663 -0.232094 0.00486527
47 1.23458 0.408427 0.802663 -0.233805 0.00551263
48 1.22223 0.447874 0.677849 -0.169767 0.00500612
49 1.21001 0.447874 0.677849 -0.167327 0.00525255
50 1.19791 0.447874 0.677849 -0.177428 0.00471442
51 1.18593 0.447874 0.677849 -0.174093 0.00470548
52 1.17407 0.435729 0.44786 0.138012 0.00689811
53 1.16233 0.435302 0.771397 -0.232026 0.00436942
54 1.15071 0.435302 0.771397 -0.237783 0.00469948
55 1.1392 0.435302 0.771397 -0.222231 0.00453878
56 1.12781 0.435302 0.771397 -0.227161 0.00526513
57 1.11653 0.435302 0.771397 -0.229805 0.00507519
58 1.10537 0.80325 1.04813 0.30555 0.0262376
59 1.09431 0.80325 1.04813 0.252125 0.0232087
60 1.08337 0.80325 1.04813 0.211619 0.0265822
61 1.07254 1.17872 0.616157 0.21349 0.0120139
62 1.06181 1.11085 0.400823 0.406659 0.00978821
63 1.05119 1.11085 0.400823 0.392554 0.00888556
64 1.04068 0.636382 0.388532 0.303287 0.0156676
65 1.03027 0.667793 0.348023 0.813996 0.0156891
66 1.01997 0.667793 0.348023 0.816037 0.0171554
67 1.00977 0.732626 0.576834 -0.415443 0.00302328
68 0.999674 0.732626 0.576834 -0.415251 0.00294736
69 0.989677 0.732626 0.576834 -0.416091 0.0029746
70 0.979781 0.928469 0.808503 -0.103376 0.0131504
71 0.969983 0.663417 1.21844 0.57605 0.0372362
72 0.960283 1.00742 0.89586 0.341354 0.0229036
73 0.95068 1.20191 0.573009 0.263222 0.00993054
74 0.941173 1.20191 0.573009 0.233703 0.011918
75 0.931762 1.20191 0.573009 0.243751 0.0105531
76 0.922444 1.20191 0.573009 0.247417 0.0112981
77 0.913219 1.12238 0.654957 0.0574043 0.0118174
78 0.904087 1.12238 0.654957 0.055354 0.0120875
79 0.895046 0.725138 0.618126 -0.427236 0.00233761
80 0.886096 0.725138 0.618126 -0.423787 0.00237767
81 0.877235 0.725138 0.618126 -0.42186 0.00265897
82 0.868463 0.686259 0.951014 -0.159598 0.0149225
83 0.859778 0.579984 0.919675 -0.268464 0.010875
84 0.85118 0.761473 0.989164 0.0346295 0.0223685
85 0.842668 0.958349 0.89047 0.187279 0.0240308
86 0.834242 1.04995 0.763173 0.0718374 0.0150356
87 0.825899 1.04995 0.763173 0.0957687 0.0153596
88 0.81764 0.940948 0.832422 -0.0304511 0.0147263
89 0.809464 0.755475 1.14933 0.490185 0.0431941
90 0.801369 0.457563 0.991511 -0.217471 0.0101765
91 0.793356 0.457563 0.991511 -0.222203 0.00695468
92 0.785422 0.57559 1.1824 0.269681 0.0276341
93 0.777568 0.378602 0.976768 -0.267469 0.00832399
94 0.769792 0.659161 0.634533 -0.37234 0.00296586
95 0.762094 0.659161 0.634533 -0.372494 0.00270066
96 0.754473 0.659161 0.634533 -0.381174 0.00313305
97 0.746929 0.659161 0.634533 -0.379254 0.0031144
98 0.739459 0.659161 0.634533 -0.379696 0.00306978
99 0.732065 0.659161 0.634533 -0.377066 0.00263452
100 0.724744 0.885416 0.847016 -0.0989335 0.0166215
101 0.717497 0.888226 0.520753 -0.317281 0.00522549
102 0.710322 0.888226 0.520753 -0.316112 0.00537997
103 0.703218 0.888226 0.520753 -0.308045 0.0053838
104 0.696186 0.587214 0.623618 -0.306718 0.00365523
105 0.689224 0.587214 0.623618 -0.303434 0.00323272
106 0.682332 0.587214 0.623618 -0.304702 0.00327969
107 0.675509 0.556731 0.565709 -0.236657 0.00394162
108 0.668754 0.764319 0.785864 -0.328701 0.00882027
109 0.662066 0.764319 0.785864 -0.324625 0.00741729
110 0.655446 0.460035 0.842341 -0.270219 0.00606877
111 0.648891 0.460035 0.842341 -0.270687 0.004872
112 0.642402 0.243569 0.906876 -0.239323 0.00553969
113 0.635978 0.243569 0.906876 -0.232955 0.0057737
114 0.629618 0.361559 0.924338 -0.268627 0.00658588
115 0.623322 0.266683 1.11951 -0.171042 0.0135944
116 0.617089 0.0190448 1.11352 -0.190043 0.012811
117 0.610918 0.0713152 1.32883 0.267605 0.0310526
118 0.604809 0.0713152 1.32883 0.24935 0.0301255
119 0.598761 0.249218 1.35499 0.430557 0.0396674
120 0.592773 0.0538109 1.48769 0.945466 0.0602826
121 0.586845 0.278812 1.33074 0.408487 0.0334759
122 0.580977 0.0995269 1.39571 0.637696 0.0392087
123 0.575167 0.165287 1.20428 -0.0258591 0.0172716
124 0.569416 0.165287 1.20428 -0.0547656 0.0200495
125 0.563721 0.165287 1.20428 -0.0069654 0.025815
126 0.558084 0.165287 1.20428 -0.0398972 0.0156158
127 0.552503 0.425557 0.937142 -0.261627 0.00701742
128 0.546978 0.311524 1.04557 -0.2268 0.0121285
129 0.541509 0.284442 0.889708 -0.240458 0.00563598
130 0.536093 0.284442 0.889708 -0.23387 0.00579813
131 0.530732 0.413164 0.698762 -0.161068 0.00526907
132 0.525425 0.236617 0.451406 0.662371 0.00968685
133 0.520171 0.389469 0.482803 0.173543 0.00631346
134 0.514969 0.563672 0.525236 -0.21228 0.00515722
135 0.50982 0.816376 0.573274 -0.426806 0.00300575
136 0.504721 0.90758 0.480817 -0.167039 0.00596729
137 0.499674 0.90758 0.480817 -0.154014 0.00574541
138 0.494677 0.873179 0.489372 -0.219469 0.00606177
139 0.489731 0.873179 0.489372 -0.223913 0.00618561
140 0.484833 0.873179 0.489372 -0.226503 0.00689137
141 0.479985 1.03152 0.583866 -0.221334 0.00530511
142 0.475185 0.849848 0.715539 -0.370734 0.00523594
143 0.470433 0.849848 0.715539 -0.370558 0.00750247
144 0.465729 0.849848 0.715539 -0.36315 0.00652004
145 0.461072 0.864854 0.574403 -0.413985 0.00313205
146 0.456461 1.06812 0.570102 -0.141995 0.00502491
147 0.451896 1.06812 0.570102 -0.138205 0.00603784
148 0.447377 1.10135 0.636311 -0.0310356 0.0103925
149 0.442904 1.09075 0.644792 -0.0476972 0.00907252
150 0.438475 1.09075 0.644792 -0.0370862 0.0104676
151 0.43409 1.09075 0.644792 -0.0382782 0.0084994
152 0.429749 1.09048 0.608099 -0.0923709 0.00817193
153 0.425451 0.878306 0.612058 -0.41989 0.00345801
154 0.421197 0.878306 0.612058 -0.420465 0.00360541
155 0.416985 1.08176 0.703895 0.0595914 0.0122719
156 0.412815 1.08176 0.703895 0.0603077 0.0127647
157 0.408687 1.01521 0.574217 -0.235589 0.00472788
158 0.4046 0.94486 0.543084 -0.308292 0.00387371
159 0.400554 0.94486 0.543084 -0.313715 0.00381139
160 0.396549 0.94486 0.543084 -0.313414 0.00416324
161 0.392583 0.814553 0.50656 -0.317293 0.00649475
162 0.388657 0.631731 0.551124 -0.320447 0.00371807
163 0.384771 0.631731 0.551124 -0.320278 0.00371215
164 0.380923 0.631731 0.551124 -0.319906 0.00382736
165 0.377114 0.674283 0.728253 -0.366076 0.00391025
166 0.373343 0.728808 0.604461 -0.426238 0.00231919
167 0.369609 0.581964 0.583421 -0.277221 0.00365353
168 0.365913 0.581964 0.583421 -0.276808 0.0036689
169 0.362254 0.606827 0.55415 -0.298776 0.00363178
170 0.358631 0.687142 0.379352 0.4251 0.0137054
171 0.355045 0.687142 0.379352 0.424832 0.0145539
172 0.351495 0.515046 0.515111 -0.118554 0.00520011
173 0.34798 0.515046 0.515111 -0.118281 0.0052107
174 0.3445 0.575298 0.549377 -0.249272 0.0042798
175 0.341055 0.6006 0.685407 -0.325463 0.00315906
176 0.337644 0.643141 0.586319 -0.356275 0.00357116
177 0.334268 0.721619 0.557633 -0.391966 0.00356901
178 0.330925 0.618159 0.571456 -0.317394 0.00322175
179 0.327616 0.63189 0.619231 -0.350015 0.00298027
180 0.32434 0.70466 0.649107 -0.412236 0.00301013
181 0.321096 0.690515 0.543434 -0.365702 0.00380986
182 0.317885 0.690515 0.543434 -0.360541 0.00400936
183 0.314707 0.786526 0.651174 -0.438177 0.00263967
184 0.311559 0.659106 0.527346 -0.312441 0.00431409
185 0.308444 0.754107 0.659017 -0.428281 0.00352533
186 0.305359 0.858702 0.727455 -0.341574 0.00777602
187 0.302306 0.834188 0.81946 -0.234845 0.0157562
188 0.299283 0.834188 0.81946 -0.230141 0.0112659
189 0.29629 0.834188 0.81946 -0.222859 0.0106364
190 0.293327 0.834188 0.81946 -0.222613 0.0104752
191 0.290394 0.957531 0.757459 -0.174844 0.0115108
192 0.28749 0.957531 0.757459 -0.157078 0.0123598
193 0.284615 0.920966 0.634006 -0.377855 0.00415364
194 0.281769 0.902044 0.620709 -0.408766 0.00402707
195 0.278951 0.764909 0.488029 -0.261607 0.00792124
196 0.276162 0.791509 0.468066 -0.162283 0.0071408
197 0.2734 0.791509 0.468066 -0.178713 0.00917168
198 0.270666 0.720795 0.46686 -0.189189 0.00811291
199 0.267959 0.816927 0.497771 -0.286176 0.00707818
200 0.26528 0.816927 0.497771 -0.291226 0.00695094
201 0.262627 0.751182 0.535912 -0.381131 0.00437965
202 0.260001 0.816668 0.494403 -0.271879 0.00667332
203 0.257401 0.748684 0.490693 -0.254906 0.00736446
204 0.254827 0.719249 0.521345 -0.355136 0.00541091
205 0.252278 0.644545 0.419917 0.0335724 0.0118902
206 0.249756 0.74296 0.421559 0.0853729 0.0101361
207 0.247258 0.804524 0.531016 -0.370693 0.00459041
208 0.244785 0.804524 0.531016 -0.374789 0.00516679
209 0.242338 0.804524 0.531016 -0.367035 0.00437867
210 0.239914 0.791931 0.541808 -0.383611 0.00386883
211 0.237515 0.733939 0.606381 -0.42809 0.00229704
212 0.23514 0.704801 0.607803 -0.413308 0.00219896
213 0.232789 0.796464 0.52008 -0.338723 0.00556434
214 0.230461 0.796464 0.52008 -0.346956 0.00541246
215 0.228156 0.832321 0.526252 -0.353899 0.00497357
216 0.225875 0.832321 0.526252 -0.344549 0.00495381
217 0.223616 0.832321 0.526252 -0.357432 0.00530894
218 0.22138 0.778058 0.531108 -0.364681 0.00402027
219 0.219166 0.85475 0.586265 -0.421969 0.00398124
220 0.216974 0.85475 0.586265 -0.424303 0.00295928
221 0.214804 0.91061 0.635226 -0.39059 0.00464099
222 0.212656 0.851487 0.642976 -0.428412 0.00367821
223 0.21053 0.851487 0.642976 -0.428121 0.00473911
224 0.208425 0.801704 0.567983 -0.421189 0.00300504
225 0.20634 0.801704 0.567983 -0.428547 0.00286375
226 0.204277 0.722858 0.627892 -0.427963 0.00268509
227 0.202234 0.722858 0.627892 -0.420104 0.0023166
228 0.200212 0.752925 0.65508 -0.430905 0.00251648
229 0.19821 0.66679 0.65191 -0.38339 0.00295112
230 0.196228 0.66679 0.65191 -0.38936 0.00224555
231 0.194265 0.605577 0.74938 -0.321402 0.00558839
232 0.192323 0.535218 0.676088 -0.260758 0.00393841
233 0.190399 0.483228 0.745204 -0.240986 0.00474093
234 0.188495 0.572648 0.700372 -0.299023 0.00392394
235 0.18661 0.645071 0.77181 -0.329185 0.00581952
236 0.184744 0.725368 0.771642 -0.345691 0.00580133
237 0.182897 0.709048 0.705782 -0.388961 0.00351104
238 0.181068 0.627382 0.760275 -0.337335 0.00552262
239 0.179257 0.664991 0.811318 -0.336047 0.00709597
240 0.177465 0.577584 0.872227 -0.270416 0.00896606
241 0.17569 0.628423 0.816507 -0.315113 0.00863372
242 0.173933 0.576958 0.772795 -0.312751 0.004521
243 0.172194 0.497531 0.774483 -0.27058 0.00518629
244 0.170472 0.475097 0.842426 -0.263021 0.00566699
245 0.168767 0.450744 0.769511 -0.240153 0.0050175
246 0.167079 0.524892 0.819686 -0.296121 0.00544435
247 0.165409 0.461592 0.743389 -0.231988 0.00465427
248 0.163755 0.534523 0.813785 -0.293796 0.00495279
249 0.162117 0.509276 0.850418 -0.277615 0.00557841
250 0.160496 0.503436 0.867032 -0.263254 0.00680125
251 0.158891 0.563742 0.793849 -0.299767 0.0049185
252 0.157302 0.564654 0.859523 -0.272841 0.00660142
253 0.155729 0.59213 0.917698 -0.245625 0.00916903
254 0.154172 0.632839 0.885116 -0.264463 0.00922212
255 0.15263 0.570373 0.833446 -0.296751 0.00545304
256 0.151104 0.570373 0.833446 -0.299943 0.00619137
257 0.149593 0.511452 0.767019 -0.272156 0.00438416
258 0.148097 0.582593 0.778215 -0.31813 0.0047295
259 0.146616 0.511494 0.777395 -0.279758 0.00488375
260 0.14515 0.576662 0.736167 -0.316928 0.00528862
261 0.143698 0.620007 0.756287 -0.335575 0.00570811
262 0.142261 0.565153 0.714116 -0.303947 0.0039984
263 0.140838 0.599592 0.670297 -0.32787 0.00404761
264 0.13943 0.659635 0.657987 -0.371942 0.00292783
265 0.138036 0.654472 0.628247 -0.372593 0.003001
266 0.136655 0.654472 0.628247 -0.376683 0.00228644
267 0.135289 0.609071 0.650459 -0.336592 0.00326325
268 0.133936 0.569738 0.589479 -0.271387 0.00380125
269 0.132597 0.5723 0.579094 -0.273718 0.00403845
270 0.131271 0.590637 0.546994 -0.272006 0.00422704
271 0.129958 0.565037 0.582416 -0.257976 0.00385392
272 0.128658 0.602314 0.521456 -0.250573 0.00452827
273 0.127372 0.634979 0.512661 -0.281836 0.00485337
274 0.126098 0.634979 0.512661 -0.275641 0.00489696
275 0.124837 0.634979 0.512661 -0.284033 0.00571934
276 0.123589 0.649994 0.526228 -0.306676 0.00470963
277 0.122353 0.698379 0.55733 -0.383576 0.00337718
278 0.121129 0.705152 0.518792 -0.330216 0.00462572
279 0.119918 0.705152 0.518792 -0.336958 0.00509348
280 0.118719 0.71815 0.577606 -0.408158 0.00299119
281 0.117532 0.773459 0.546853 -0.396373 0.00416122
282 0.116356 0.817011 0.578113 -0.431389 0.00294237
283 0.115193 0.780563 0.620609 -0.440318 0.0023351
284 0.114041 0.739461 0.657555 -0.426931 0.003345
285 0.1129 0.737053 0.66518 -0.41541 0.00382827
286 0.111771 0.749735 0.651043 -0.42962 0.0033739
287 0.110654 0.783369 0.705787 -0.398072 0.00571302
288 0.109547 0.82102 0.695209 -0.410677 0.00515153
289 0.108452 0.808381 0.651577 -0.432336 0.00321398
290 0.107367 0.803412 0.600001 -0.445802 0.00239206
291 0.106294 0.772861 0.568253 -0.420613 0.0028768
292 0.105231 0.763067 0.582038 -0.427143 0.00252737
293 0.104178 0.782572 0.541952 -0.394867 0.0046823
294 0.103137 0.809626 0.5475 -0.395717 0.00434903
295 0.102105 0.851005 0.581001 -0.422706 0.00280016
296 0.101084 0.851005 0.581001 -0.41964 0.00310201
297 0.100073 0.82494 0.620286 -0.444278 0.00331271
298 0.0990725 0.814432 0.664507 -0.43306 0.00395698
299 0.0980818 0.862224 0.639893 -0.425788 0.00363035
300 0.097101 0.834744 0.602954 -0.442861 0.00284841
301 0.09613 0.801398 0.647697 -0.433785 0.00356045
302 0.0951687 0.809395 0.674726 -0.425695 0.00464453
303 0.094217 0.830695 0.700597 -0.38695 0.00689757
304 0.0932748 0.830695 0.700597 -0.386404 0.00508504
305 0.0923421 0.829646 0.671118 -0.416778 0.00468069
306 0.0914186 0.862304 0.667403 -0.406566 0.00433905
307 0.0905044 0.880231 0.648749 -0.409001 0.00387257
308 0.0895994 0.845352 0.609294 -0.438417 0.0029892
309 0.0887034 0.845352 0.609294 -0.434966 0.00292259
310 0.0878164 0.814113 0.574356 -0.424882 0.00308802
311 0.0869382 0.773321 0.553531 -0.411772 0.00330235
312 0.0860688 0.743387 0.567125 -0.418229 0.00306714
313 0.0852081 0.743387 0.567125 -0.412058 0.0033244
314 0.0843561 0.743293 0.578295 -0.424549 0.002778
315 0.0835125 0.737807 0.584703 -0.422191 0.00274314
316 0.0826774 0.735429 0.576033 -0.420795 0.00307309
317 0.0818506 0.744892 0.552761 -0.404242 0.00348838
318 0.0810321 0.769649 0.586915 -0.433606 0.00269665
319 0.0802218 0.74959 0.566928 -0.416607 0.00270045
320 0.0794196 0.743368 0.568406 -0.415905 0.00335517
321 0.0786254 0.766917 0.545225 -0.398734 0.00427365
322 0.0778391 0.801263 0.572622 -0.428412 0.00304428
323 0.0770607 0.772322 0.593315 -0.436996 0.00238111
324 0.0762901 0.785693 0.555215 -0.408249 0.00342379
325 0.0755272 0.795765 0.574417 -0.428979 0.0032145
326 0.0747719 0.828421 0.558524 -0.403979 0.0034049
327 0.0740242 0.828421 0.558524 -0.410925 0.0033263
328 0.073284 0.849446 0.569378 -0.40996 0.00363002
329 0.0725511 0.873379 0.581087 -0.416297 0.0032759
330 0.0718256 0.876616 0.557544 -0.393319 0.00408892
331 0.0711074 0.85056 0.590551 -0.429782 0.00287621
332 0.0703963 0.816556 0.598041 -0.443066 0.00257634
333 0.0696923 0.85086 0.574551 -0.421645 0.00338876
334 0.0689954 0.835043 0.576176 -0.426801 0.00296119
335 0.0683055 0.81635 0.608762 -0.444865 0.00252032
336 0.0676224 0.793221 0.616194 -0.445325 0.00235049
337 0.0669462 0.815242 0.605831 -0.441924 0.00237011
338 0.0662767 0.832458 0.608846 -0.440233 0.0028363
339 0.0656139 0.863785 0.587423 -0.426363 0.00320047
340 0.0649578 0.852852 0.561817 -0.401217 0.00338134
341 0.0643082 0.860698 0.578195 -0.412463 0.00310068
342 0.0636651 0.841655 0.598959 -0.435114 0.00203974
343 0.0630285 0.828422 0.592014 -0.437359 0.0029041
344 0.0623982 0.84927 0.619077 -0.425544 0.00309306
345 0.0617742 0.833326 0.644764 -0.437071 0.00372892
346 0.0611565 0.806103 0.624642 -0.442494 0.0030157
347 0.0605449 0.797237 0.650691 -0.432171 0.00317838
348 0.0599395 0.783101 0.645564 -0.443296 0.00278782
349 0.0593401 0.771827 0.623298 -0.440679 0.00194024
350 0.0587467 0.800231 0.639622 -0.444554 0.00225809
351 0.0581592 0.783243 0.660381 -0.429791 0.00267705
352 0.0575776 0.763081 0.649506 -0.435785 0.00297794
353 0.0570018 0.753964 0.668169 -0.431684 0.00312285
354 0.0564318 0.765826 0.667048 -0.424515 0.00293092
355 0.0558675 0.765826 0.667048 -0.422893 0.00315255
356 0.0553088 0.765826 0.667048 -0.422804 0.00301697
357 0.0547557 0.779644 0.657817 -0.438718 0.00332207
358 0.0542082 0.775974 0.663012 -0.425923 0.00479576
359 0.0536661 0.766173 0.641241 -0.433539 0.0027663
360 0.0531294 0.770996 0.656477 -0.43755 0.00316369
361 0.0525981 0.750793 0.649666 -0.428096 0.00264406
362 0.0520722 0.773748 0.625858 -0.441024 0.00235859
363 0.0515514 0.762136 0.624212 -0.437791 0.0025382
364 0.0510359 0.756737 0.64377 -0.437456 0.00291857
365 0.0505256 0.756017 0.646318 -0.430267 0.00283187
366 0.0500203 0.743857 0.667144 -0.417814 0.00309581
367 0.0495201 0.757967 0.644937 -0.433451 0.00269051
368 0.0490249 0.759778 0.650659 -0.430178 0.00334253
369 0.0485347 0.763193 0.660987 -0.425982 0.00260274
370 0.0480493 0.763193 0.660987 -0.431285 0.00299552
371 0.0475688 0.786841 0.681577 -0.424884 0.00432506
372 0.0470931 0.771946 0.658393 -0.427682 0.00257242
373 0.0466222 0.771266 0.670634 -0.424115 0.00354941
374 0.046156 0.775139 0.651326 -0.429276 0.00296595
375 0.0456944 0.766151 0.641535 -0.433578 0.00254697
376 0.0452375 0.747618 0.6272 -0.43869 0.00230266
377 0.0447851 0.731264 0.609125 -0.433309 0.00273544
378 0.0443372 0.708919 0.601238 -0.415025 0.00259701
379 0.0438939 0.712656 0.619449 -0.421861 0.00225079
380 0.0434549 0.698292 0.61215 -0.407887 0.00202264
381 0.0430204 0.713712 0.592745 -0.418313 0.00253258
382 0.0425902 0.733247 0.59428 -0.428972 0.00245883
383 0.0421643 0.7175 0.587915 -0.412997 0.00257159
384 0.0417426 0.737901 0.570216 -0.413576 0.00241161
385 0.0413252 0.739848 0.589329 -0.423531 0.00267144
386 0.040912 0.736408 0.585308 -0.424245 0.00244286
387 0.0405028 0.736408 0.585308 -0.423483 0.00229608
388 0.0400978 0.729947 0.575875 -0.413099 0.00289914
389 0.0396968 0.733411 0.573419 -0.412309 0.00294124
390 0.0392999 0.733411 0.573419 -0.413837 0.00293911
391 0.0389069 0.733411 0.573419 -0.415621 0.00275367
392 0.0385178 0.733411 0.573419 -0.414449 0.00315308
393 0.0381326 0.719558 0.556199 -0.392649 0.00302459
394 0.0377513 0.724445 0.572562 -0.410913 0.00290429
395 0.0373738 0.730845 0.571298 -0.413119 0.00299308
396 0.037 0.743416 0.56346 -0.40482 0.003478
397 0.03663 0.741743 0.573109 -0.413951 0.0031112
398 0.0362637 0.74186 0.571597 -0.41838 0.00291271
399 0.0359011 0.751403 0.569025 -0.422983 0.0035385
400 0.0355421 0.748678 0.569691 -0.419674 0.00296187
401 0.0351867 0.73833 0.58675 -0.424821 0.0027044
402 0.0348348 0.741669 0.570224 -0.414408 0.00279837
403 0.0344865 0.741606 0.563293 -0.409034 0.00312505
404 0.0341416 0.733984 0.577304 -0.418915 0.00256491
405 0.0338002 0.721761 0.582938 -0.423709 0.00284629
406 0.0334622 0.735008 0.572521 -0.414024 0.00283143
407 0.0331276 0.731454 0.573745 -0.417207 0.00293795
408 0.0327963 0.73411 0.566788 -0.408926 0.00327811
409 0.0324683 0.746688 0.571889 -0.4165 0.00319944
410 0.0321436 0.738035 0.57348 -0.41809 0.00298036
411 0.0318222 0.72274 0.587385 -0.416543 0.00240622
412 0.031504 0.715693 0.581816 -0.406731 0.00278208
413 0.0311889 0.722017 0.57395 -0.410223 0.00252537
414 0.030877 0.722017 0.57395 -0.405537 0.00277791
415 0.0305683 0.725636 0.585687 -0.414384 0.00270423
416 0.0302626 0.735124 0.578313 -0.419157 0.00294309
417 0.02996 0.724161 0.575967 -0.412067 0.00248241
418 0.0296604 0.720215 0.582483 -0.411809 0.00270637
419 0.0293638 0.71576 0.588068 -0.412389 0.00259937
420 0.0290701 0.730353 0.593417 -0.423086 0.00222762
421 0.0287794 0.716776 0.593057 -0.417918 0.00225265
422 0.0284916 0.712742 0.589015 -0.413691 0.00286505
423 0.0282067 0.720625 0.599855 -0.417071 0.00217973
424 0.0279246 0.71656 0.600568 -0.413979 0.00239625
425 0.0276454 0.711156 0.590245 -0.409902 0.00228125
426 0.0273689 0.724531 0.594216 -0.413638 0.00276424
427 0.0270953 0.729957 0.584449 -0.423595 0.00239965
428 0.0268243 0.721086 0.597152 -0.418099 0.00218533
429 0.0265561 0.711136 0.588782 -0.412446 0.00265548
430 0.0262905 0.711136 0.588782 -0.407654 0.00282355
431 0.0260276 0.712082 0.587116 -0.408137 0.00271222
432 0.0257673 0.724776 0.581357 -0.417336 0.00275253
433 0.0255096 0.713166 0.59255 -0.413756 0.00233217
434 0.0252546 0.717697 0.594816 -0.415384 0.0025767
435 0.025002 0.726878 0.588125 -0.422562 0.00261983
436 0.024752 0.729882 0.592361 -0.421245 0.00281869
437 0.0245045 0.735308 0.586624 -0.419624 0.00262619
438 0.0242594 0.729883 0.579101 -0.414999 0.00259887
439 0.0240168 0.723036 0.577763 -0.415512 0.00285974
440 0.0237767 0.721637 0.575719 -0.407623 0.00294357
441 0.0235389 0.726479 0.582563 -0.415539 0.00254521
442 0.0233035 0.733873 0.590924 -0.422777 0.00268668
443 0.0230705 0.735934 0.584188 -0.418425 0.00257739
444 0.0228398 0.735934 0.584188 -0.421327 0.00279655
445 0.0226114 0.726378 0.592579 -0.416428 0.00268321
446 0.0223853 0.732014 0.589302 -0.416243 0.00254812
447 0.0221614 0.741699 0.591766 -0.428573 0.00248685
448 0.0219398 0.732505 0.598641 -0.428401 0.00193906
449 0.0217204 0.722671 0.592664 -0.416336 0.0026699
450 0.0215032 0.730794 0.582596 -0.421829 0.00283682
451 0.0212882 0.729964 0.590741 -0.426523 0.0026325
452 0.0210753 0.739963 0.599878 -0.434732 0.00252491
453 0.0208645 0.740771 0.604007 -0.431609 0.00224396
454 0.0206559 0.735157 0.607887 -0.425507 0.00232938
455 0.0204493 0.73609 0.600321 -0.425621 0.00239871
456 0.0202448 0.733408 0.600903 -0.425783 0.00253563
457 0.0200424 0.732657 0.594865 -0.424543 0.00222893
458 0.0198419 0.723215 0.60432 -0.423634 0.00236482
459 0.0196435 0.722743 0.609636 -0.424119 0.00214803
460 0.0194471 0.720685 0.610538 -0.421408 0.00227983
461 0.0192526 0.720685 0.610538 -0.421176 0.00255387
462 0.0190601 0.728783 0.613601 -0.425842 0.00251389
463 0.0188695 0.72924 0.606787 -0.419595 0.00251984
464 0.0186808 0.723797 0.610741 -0.426746 0.00211314
465 0.018494 0.725501 0.618147 -0.424069 0.00239572
466 0.0183091 0.720649 0.610895 -0.422655 0.00233478
467 0.018126 0.720649 0.610895 -0.419958 0.00249889
468 0.0179447 0.713957 0.607943 -0.415804 0.00260157
469 0.0177653 0.718953 0.601043 -0.417736 0.00255075
470 0.0175876 0.721639 0.598206 -0.420808 0.00227337
471 0.0174117 0.725986 0.599571 -0.428108 0.00211384
472 0.0172376 0.729562 0.592839 -0.422305 0.00262715
473 0.0170652 0.729492 0.594455 -0.42472 0.00249139
474 0.0168946 0.734181 0.591382 -0.427618 0.00382148
475 0.0167256 0.731759 0.597331 -0.426914 0.00224288
476 0.0165584 0.729985 0.59112 -0.425226 0.0027377
477 0.0163928 0.737598 0.595171 -0.428059 0.00243841
478 0.0162289 0.729795 0.589459 -0.422103 0.00243203
479 0.0160666 0.723287 0.596705 -0.419466 0.00246089
480 0.0159059 0.723287 0.596705 -0.420659 0.00262521
481 0.0157469 0.725485 0.595831 -0.42044 0.00246267
482 0.0155894 0.721281 0.597735 -0.418046 0.00232387
483 0.0154335 0.727392 0.590565 -0.420288 0.00253282
484 0.0152792 0.727392 0.590565 -0.418291 0.00226645
485 0.0151264 0.720033 0.594506 -0.419579 0.00256998
486 0.0149751 0.72203 0.600259 -0.420783 0.00246867
487 0.0148254 0.714973 0.607101 -0.413872 0.00206102
488 0.0146771 0.72204 0.613722 -0.424033 0.00220006
489 0.0145303 0.726068 0.616718 -0.423279 0.00237826
490 0.014385 0.732185 0.620716 -0.425569 0.00235323
491 0.0142412 0.729317 0.622556 -0.428384 0.00320798
492 0.0140988 0.72463 0.627756 -0.422244 0.00268448
493 0.0139578 0.724897 0.622471 -0.424687 0.00262083
494 0.0138182 0.717957 0.620374 -0.419302 0.00187835
495 0.01368 0.715394 0.621351 -0.415382 0.00213498
496 0.0135432 0.722165 0.61936 -0.429451 0.00224171
497 0.0134078 0.724582 0.614261 -0.426206 0.00228523
498 0.0132737 0.729818 0.619603 -0.427139 0.00264745
499 0.013141 0.734411 0.614625 -0.426139 0.00215084
500 0.0130096 0.733431 0.612334 -0.423955 0.00220599
501 0.0128795 0.738947 0.613596 -0.42894 0.00218179
502 0.0127507 0.738947 0.613596 -0.428995 0.0023273
503 0.0126232 0.745086 0.608882 -0.433193 0.00283539
504 0.0124969 0.739995 0.609217 -0.429566 0.00245373
505 0.012372 0.743324 0.609636 -0.434485 0.00235204
506 0.0122482 0.745128 0.611884 -0.433478 0.00224269
507 0.0121258 0.742812 0.611186 -0.432006 0.00213362
508 0.0120045 0.738994 0.615176 -0.431491 0.00226042
509 0.0118845 0.737393 0.61034 -0.431296 0.00230599
510 0.0117656 0.732656 0.608858 -0.42726 0.00240084
511 0.011648 0.731605 0.605954 -0.4233 0.00191712
512 0.0115315 0.728441 0.608254 -0.418524 0.0023304
513 0.0114162 0.7333 0.613165 -0.426972 0.0024758
514 0.011302 0.733366 0.617218 -0.427869 0.00226697
515 0.011189 0.730838 0.62057 -0.428358 0.002251
516 0.0110771 0.730838 0.62057 -0.429214 0.00241886
517 0.0109663 0.730838 0.62057 -0.426181 0.00231026
518 0.0108567 0.735667 0.615841 -0.42671 0.00246827
519 0.0107481 0.733321 0.615391 -0.426364 0.00237017
520 0.0106406 0.734483 0.613027 -0.429626 0.00224534
521 0.0105342 0.736647 0.611794 -0.431042 0.00253946
522 0.0104289 0.731556 0.611414 -0.426356 0.00246317
523 0.0103246 0.72838 0.607101 -0.42583 0.00279858
524 0.0102213 0.728339 0.603375 -0.423593 0.00237205
525 0.0101191 0.730528 0.599219 -0.427921 0.00227622
526 0.0100179 0.732264 0.596545 -0.421394 0.00230247
527 0.00991774 0.737088 0.596364 -0.433751 0.0024459
528 0.00981856 0.732983 0.595127 -0.419654 0.00299204
529 0.00972038 0.731419 0.598337 -0.423049 0.00231836
530 0.00962317 0.727571 0.602978 -0.426598 0.00235644
531 0.00952694 0.723154 0.60709 -0.42643 0.0026425
532 0.00943167 0.723154 0.60709 -0.424629 0.00254344
533 0.00933736 0.722771 0.611262 -0.42419 0.00241259
534 0.00924398 0.722346 0.614217 -0.421602 0.00215432
535 0.00915154 0.726783 0.611699 -0.425802 0.00286851
536 0.00906003 0.730198 0.615386 -0.429994 0.00196848
537 0.00896943 0.730164 0.614502 -0.429985 0.0023869
538 0.00887973 0.729883 0.610402 -0.427851 0.00224622
539 0.00879094 0.726212 0.608679 -0.42516 0.00239081
540 0.00870303 0.72886 0.606959 -0.423805 0.00255669
541 0.008616 0.72886 0.606959 -0.425209 0.00238665
542 0.00852984 0.728307 0.608337 -0.42407 0.001999
543 0.00844454 0.727257 0.61221 -0.423933 0.00221864
544 0.00836009 0.726867 0.611466 -0.427067 0.00249404
545 0.00827649 0.724191 0.612559 -0.423768 0.00253235
546 0.00819373 0.726088 0.608885 -0.423657 0.00215795
547 0.00811179 0.728654 0.611603 -0.421871 0.00241483
548 0.00803067 0.729892 0.610161 -0.419097 0.00260138
549 0.00795036 0.729103 0.613816 -0.42532 0.00220035
550 0.00787086 0.726475 0.616082 -0.425043 0.0022807
551 0.00779215 0.724668 0.614479 -0.424538 0.00230165
552 0.00771423 0.727446 0.615567 -0.425492 0.00236972
553 0.00763709 0.727446 0.615567 -0.425382 0.00193418
554 0.00756072 0.72905 0.613807 -0.424654 0.0022035
555 0.00748511 0.731345 0.611662 -0.427858 0.00230606
556 0.00741026 0.727857 0.612751 -0.424712 0.0025444
557 0.00733616 0.725425 0.613201 -0.423858 0.00235021
558 0.00726279 0.723502 0.609917 -0.425706 0.00202962
559 0.00719017 0.723502 0.609917 -0.424353 0.00234538
560 0.00711827 0.720349 0.611666 -0.421617 0.00242452
561 0.00704708 0.719083 0.611198 -0.425195 0.00222961
562 0.00697661 0.720877 0.607684 -0.423235 0.00253695
563 0.00690685 0.724269 0.60493 -0.423122 0.00230393
564 0.00683778 0.723744 0.60294 -0.423836 0.00232107
565 0.0067694 0.724828 0.601731 -0.425785 0.00208054
566 0.00670171 0.724969 0.600962 -0.421599 0.00231116
567 0.00663469 0.728295 0.600925 -0.427825 0.00235818
568 0.00656834 0.72957 0.602987 -0.425167 0.00223319
569 0.00650266 0.72957 0.602987 -0.424782 0.00242139
570 0.00643763 0.726949 0.603992 -0.423092 0.00253047
571 0.00637326 0.726836 0.601315 -0.418381 0.00248869
572 0.00630952 0.729544 0.602464 -0.42751 0.00240048
573 0.00624643 0.731738 0.600575 -0.423281 0.00234107
574 0.00618396 0.730554 0.598136 -0.42712 0.0023425
575 0.00612212 0.730554 0.598136 -0.4273 0.00275828
576 0.0060609 0.729038 0.595481 -0.412579 0.00295687
577 0.00600029 0.729038 0.595481 -0.418343 0.00263063
578 0.00594029 0.726371 0.592533 -0.420668 0.00218055
579 0.00588089 0.726837 0.592902 -0.418577 0.00256658
580 0.00582208 0.726837 0.592902 -0.419171 0.00255683
581 0.00576386 0.727451 0.590116 -0.419339 0.00245184
582 0.00570622 0.725224 0.589237 -0.418745 0.00264781
583 0.00564916 0.726186 0.589013 -0.419233 0.00252507
584 0.00559267 0.725489 0.588741 -0.41674 0.0028358
585 0.00553674 0.723022 0.588474 -0.409518 0.00261965
586 0.00548137 0.724083 0.589745 -0.42503 0.00249145
587 0.00542656 0.722265 0.587037 -0.41733 0.00264229
588 0.00537229 0.723702 0.586656 -0.416302 0.00233989
589 0.00531857 0.725101 0.585901 -0.424182 0.00238757
590 0.00526538 0.722449 0.585314 -0.415282 0.00283267
591 0.00521273 0.722449 0.585314 -0.41787 0.00244845
592 0.0051606 0.723702 0.583603 -0.421617 0.00258267
593 0.005109 0.723702 0.583603 -0.415225 0.00260256
594 0.00505791 0.721734 0.58462 -0.415576 0.00250324
595 0.00500733 0.720728 0.58482 -0.411778 0.00280406
596 0.00495725 0.720887 0.585189 -0.40753 0.00282644
597 0.00490768 0.722417 0.583066 -0.414484 0.00281976
598 0.0048586 0.720979 0.583487 -0.409922 0.00250114
599 0.00481002 0.720587 0.585504 -0.417378 0.00275357
