# X: Y:
1 1 0
2 0.994097 0.108496
3 0.991194 0.132421
4 0.918643 0.395088
5 0.857503 0.514478
6 0.717473 0.696586
7 0.490951 0.871187
8 0.482205 0.876058
9 0.34881 0.937194
10 0.105631 0.994405
11 0.067379 0.997727
12 -0.0495759 0.99877
13 -0.182645 0.983179
14 -0.488159 0.872755
15 -0.69137 0.722501
16 -0.98434 0.176281
17 -0.98968 0.143298
18 -0.991421 0.130705
19 -0.999094 0.0425475
20 -0.99935 0.0360596
21 -0.958776 -0.284163
22 -0.899859 -0.436181
23 -0.898197 -0.439593
24 -0.866511 -0.499159
25 -0.861008 -0.508592
26 -0.742544 -0.669797
27 -0.556778 -0.830661
28 -0.278816 -0.960344
29 -0.127518 -0.991836
30 0.029236 -0.999573
31 0.0379884 -0.999278
32 0.162934 -0.986637
33 0.517489 -0.85569
34 0.828785 -0.559567
