#Generazione: Individuo: Fitness:
1 1 2 6 22 29 21 8 26 16 7 28 32 34 10 30 33 17 3 5 4 14 20 25 27 23 19 18 31 24 15 13 11 9 12  48.3613

2 1 2 6 22 29 21 8 26 16 7 28 32 34 10 30 33 17 3 5 4 14 20 25 27 23 19 18 31 24 15 13 11 9 12  48.3613

3 1 2 6 22 29 21 8 26 16 7 28 32 34 10 30 33 17 3 5 4 14 20 25 27 23 19 18 31 24 15 13 11 9 12  48.3613

4 1 2 6 3 5 4 14 20 25 27 23 19 18 31 24 15 13 22 29 21 8 26 16 7 28 32 34 10 30 33 17 11 9 12  45.2453

5 1 2 6 3 5 4 14 20 25 27 23 19 18 31 24 15 13 22 29 21 8 26 16 7 28 32 34 10 30 33 17 11 9 12  45.2453

6 1 2 6 3 5 4 14 20 25 27 23 19 18 31 24 15 13 22 29 21 8 26 16 7 28 32 34 10 30 33 17 11 9 12  45.2453

7 1 2 6 3 5 4 14 20 25 27 23 19 18 31 24 15 13 22 29 21 28 32 34 10 8 26 16 7 30 33 17 11 9 12  38.6822

8 1 2 6 3 5 4 14 20 25 27 23 19 18 31 24 15 13 22 29 21 28 32 34 10 8 26 16 7 30 33 17 11 9 12  38.6822

9 1 2 6 3 5 4 14 20 25 27 23 19 18 31 24 15 13 22 29 21 26 16 7 30 33 28 32 34 10 8 17 11 9 12  34.1473

10 1 2 6 3 5 4 14 20 25 27 23 19 18 31 24 15 13 22 29 21 26 16 7 30 33 28 32 34 10 8 17 11 9 12  34.1473

11 1 2 6 3 5 4 14 20 25 27 23 19 18 31 24 15 13 22 29 21 26 16 7 30 33 28 32 34 10 8 17 11 9 12  34.1473

12 1 2 6 3 5 4 14 20 25 27 23 19 18 31 24 15 13 22 29 21 26 16 7 30 33 28 32 34 10 8 17 11 9 12  34.1473

13 1 2 6 3 5 4 14 20 25 27 23 19 18 31 24 15 13 22 29 21 26 16 7 30 33 28 32 34 10 8 17 11 9 12  34.1473

14 1 2 6 3 5 4 14 20 25 27 23 19 18 31 24 15 13 22 29 21 26 16 7 30 33 28 32 34 17 11 9 8 10 12  32.1901

15 1 2 6 3 5 4 14 20 25 27 23 19 18 29 22 15 13 24 31 21 26 16 7 30 33 28 32 34 17 11 9 8 10 12  32.1721

16 1 2 6 3 5 4 14 20 25 27 23 19 18 29 22 15 13 24 31 21 26 16 7 30 33 28 32 34 17 11 9 8 10 12  32.1721

17 1 2 6 3 8 9 11 17 34 32 28 33 30 31 24 15 13 22 29 21 26 16 7 18 19 23 27 25 20 14 4 5 10 12  30.1745

18 1 2 6 3 8 9 11 17 34 32 28 33 30 31 24 15 13 22 29 21 26 16 7 18 19 23 27 25 20 14 4 5 10 12  30.1745

19 1 2 6 3 8 9 11 17 34 32 28 33 30 31 24 15 13 22 29 21 26 16 7 18 19 23 27 25 20 14 5 10 12 4  29.2539

20 1 2 6 3 8 9 11 17 34 32 28 33 30 31 24 15 13 22 29 21 26 16 7 18 19 23 27 25 20 14 5 10 12 4  29.2539

21 1 2 6 3 8 9 11 17 34 32 28 33 30 31 24 15 13 22 29 21 26 16 7 18 19 23 27 25 20 14 5 10 12 4  29.2539

22 1 2 6 3 5 4 14 20 25 27 23 19 18 29 22 21 26 16 7 15 13 24 31 30 33 28 32 34 17 11 9 8 10 12  27.0148

23 1 2 6 3 5 4 14 20 25 27 23 19 18 29 22 21 26 16 7 15 13 24 31 30 33 28 32 34 17 11 9 8 10 12  27.0148

24 1 2 6 3 5 4 14 20 25 27 23 19 18 29 22 21 26 16 7 15 13 24 31 30 33 28 32 34 17 11 9 8 10 12  27.0148

25 1 2 6 3 5 4 14 20 25 27 23 19 18 29 22 21 26 16 7 15 13 24 31 30 33 28 32 34 17 11 9 8 10 12  27.0148

26 1 2 6 3 5 4 14 20 25 27 23 19 18 29 22 21 26 16 7 15 13 24 31 30 33 28 32 34 17 11 9 8 10 12  27.0148

27 1 2 6 3 5 4 14 20 25 24 23 19 18 29 22 21 26 16 7 15 13 27 31 30 33 28 32 34 17 11 9 8 10 12  26.6327

28 1 2 6 3 5 4 14 20 25 24 23 19 18 29 22 21 26 16 15 7 13 27 31 30 33 28 32 34 17 11 9 8 10 12  24.497

29 1 2 6 3 5 4 14 20 25 24 23 19 18 29 22 21 26 16 15 7 13 27 31 30 33 28 32 34 17 11 9 8 10 12  24.497

30 1 2 6 3 5 4 14 20 25 24 23 19 18 29 22 21 26 16 15 7 13 27 31 30 33 28 32 34 17 11 9 8 10 12  24.497

31 1 2 6 3 5 4 14 20 25 24 23 19 18 29 22 21 26 16 15 7 13 27 31 30 33 28 32 34 17 11 9 8 10 12  24.497

32 1 2 6 3 5 4 14 20 25 24 23 19 18 29 22 21 26 16 15 7 13 27 31 30 33 28 32 34 17 11 9 8 10 12  24.497

33 1 2 6 3 5 4 14 20 25 19 18 24 23 29 22 21 26 16 15 7 13 27 31 30 33 28 32 34 17 11 9 8 10 12  23.8819

34 1 2 6 3 5 4 14 20 25 19 18 24 23 29 22 21 26 16 15 7 13 27 31 30 33 28 32 34 17 11 9 8 10 12  23.8819

35 1 2 6 3 5 4 14 20 25 19 18 24 23 29 22 21 26 16 15 7 13 27 31 30 33 28 32 34 17 11 9 8 10 12  23.8819

36 1 2 6 3 5 4 14 20 25 19 18 24 23 29 22 21 26 16 15 7 13 27 31 30 33 28 32 34 17 11 9 8 10 12  23.8819

37 1 2 6 3 5 4 14 20 25 19 18 24 23 29 22 21 26 16 15 7 13 27 31 30 33 28 32 34 17 11 9 8 10 12  23.8819

38 1 2 6 3 5 4 14 20 25 24 23 26 16 15 7 13 19 18 29 22 21 27 31 30 33 28 32 34 17 11 9 8 10 12  22.7177

39 1 2 6 3 5 4 14 20 25 24 23 26 16 15 7 13 19 18 29 22 21 27 31 30 33 28 32 34 17 11 9 8 10 12  22.7177

40 1 2 6 3 5 4 14 15 7 13 27 31 30 33 28 32 34 17 20 25 19 18 24 23 29 22 21 26 16 11 9 8 10 12  22.5452

41 1 2 6 3 5 4 14 15 7 13 27 31 30 33 28 32 34 17 20 25 19 18 24 23 29 22 21 26 16 11 9 8 10 12  22.5452

42 1 2 6 3 5 4 14 15 7 13 27 31 30 33 28 32 34 17 20 25 19 18 24 23 29 22 21 26 16 11 9 8 10 12  22.5452

43 1 2 6 3 5 4 14 15 8 13 27 31 30 33 28 32 34 17 20 25 19 18 24 23 29 22 21 26 16 11 9 7 10 12  22.5242

44 1 2 6 3 5 4 14 20 25 24 23 26 21 27 31 30 33 28 32 34 16 15 7 13 19 18 29 22 17 11 9 8 10 12  22.4842

45 1 2 6 3 5 4 14 20 25 24 23 26 21 27 31 30 33 28 32 34 16 15 7 13 19 18 29 22 17 11 9 8 10 12  22.4842

46 1 2 6 3 5 4 14 20 25 24 23 26 21 27 31 30 33 28 32 34 16 15 7 13 19 18 29 22 17 11 9 8 10 12  22.4842

47 1 2 6 3 5 4 34 32 28 33 30 31 27 29 22 21 26 16 15 7 13 18 19 23 24 25 20 14 17 11 9 8 10 12  16.3466

48 1 2 6 3 5 4 34 32 28 33 30 31 27 29 22 21 26 16 15 7 13 18 19 23 24 25 20 14 17 11 9 8 10 12  16.3466

49 1 2 6 3 5 4 34 32 28 33 30 31 27 29 22 21 26 16 15 7 13 18 19 23 24 25 20 14 17 11 9 8 10 12  16.3466

50 1 2 6 3 5 4 34 32 28 33 30 31 27 29 22 21 26 16 15 7 13 18 19 23 24 25 20 14 17 11 9 8 10 12  16.3466

51 1 2 6 3 5 4 34 32 28 33 30 31 27 29 22 21 26 16 15 7 13 18 19 23 24 25 20 14 17 11 9 8 10 12  16.3466

52 1 2 6 3 5 4 34 32 28 33 30 31 27 29 22 21 26 16 15 7 13 18 19 23 24 25 20 14 17 11 9 8 10 12  16.3466

53 1 2 6 3 5 4 34 32 28 33 30 31 27 29 22 21 26 16 15 7 13 18 19 23 24 25 20 14 17 11 9 8 10 12  16.3466

54 1 2 6 3 5 4 34 32 28 33 30 31 27 29 22 21 26 16 15 7 13 18 19 23 24 25 20 17 14 11 9 8 10 12  13.8737

55 1 2 6 3 5 4 34 32 28 33 30 31 27 29 22 21 26 16 15 7 13 18 19 23 24 25 20 17 14 11 9 8 10 12  13.8737

56 1 2 6 3 5 4 34 32 28 33 30 31 27 29 22 21 26 16 15 7 13 18 19 23 24 25 20 17 14 11 9 8 10 12  13.8737

57 1 2 6 3 5 4 34 32 28 33 30 31 27 29 22 21 26 16 15 7 13 18 19 23 24 25 20 17 14 11 9 8 10 12  13.8737

58 1 2 6 3 5 4 34 32 28 33 30 31 27 29 22 21 26 16 15 7 13 18 19 23 24 25 20 17 14 11 9 8 10 12  13.8737

59 1 2 6 3 5 4 34 32 28 33 30 31 27 29 22 21 26 16 15 7 13 18 19 23 24 25 20 17 14 11 9 8 10 12  13.8737

60 1 2 6 3 5 4 34 32 28 33 30 31 27 29 22 21 26 16 15 7 13 18 19 23 24 25 20 17 14 11 9 8 10 12  13.8737

61 1 2 6 3 5 4 34 32 28 33 30 31 27 29 22 21 26 16 15 7 13 17 20 23 24 25 19 18 14 11 9 8 10 12  13.8707

62 1 2 6 3 5 4 34 32 28 33 30 31 27 29 22 21 26 16 15 7 13 17 20 23 24 25 19 18 14 11 9 8 10 12  13.8707

63 1 2 6 3 5 4 34 32 28 33 30 31 27 29 22 21 26 16 15 7 13 17 20 23 24 25 19 18 14 11 9 8 10 12  13.8707

64 1 2 6 3 5 4 34 32 28 33 30 31 27 29 22 21 26 16 15 7 13 17 20 23 24 25 19 18 14 11 9 8 10 12  13.8707

65 1 2 6 3 5 4 34 32 28 33 30 31 27 29 22 21 26 16 15 7 13 17 20 23 24 25 19 18 14 11 9 8 10 12  13.8707

66 1 2 6 3 5 4 34 32 28 33 30 31 27 29 22 21 26 16 15 7 13 17 20 23 24 25 19 18 14 11 9 8 10 12  13.8707

67 1 2 6 3 5 4 34 32 28 33 30 31 27 29 22 21 26 16 15 7 13 17 19 23 24 25 20 18 14 11 9 8 10 12  13.8696

68 1 2 6 3 5 4 34 32 28 33 30 31 27 29 22 21 26 16 15 7 13 17 19 23 24 25 20 18 14 11 9 8 10 12  13.8696

69 1 2 6 3 5 4 34 32 28 33 30 31 27 29 22 21 26 16 15 7 13 17 19 23 24 25 20 18 14 11 9 8 10 12  13.8696

70 1 2 6 3 5 4 34 32 28 33 30 31 27 29 22 21 26 16 15 7 13 18 19 23 24 25 20 17 14 11 8 10 12 9  13.3219

71 1 2 6 3 5 4 34 32 28 33 30 31 27 29 22 21 26 16 15 7 13 18 19 23 24 25 20 17 14 11 8 10 12 9  13.3219

72 1 2 6 3 5 4 34 32 28 33 30 31 27 29 22 21 26 16 15 7 13 18 19 23 24 25 20 17 14 11 8 10 12 9  13.3219

73 1 2 6 3 5 4 34 32 28 33 30 31 27 29 22 21 26 16 15 7 13 18 19 23 24 25 20 17 14 11 8 10 12 9  13.3219

74 1 2 6 3 5 4 34 32 28 33 30 31 27 29 22 21 26 16 15 7 13 18 19 23 24 25 20 17 14 11 8 10 12 9  13.3219

75 1 2 6 3 5 4 34 32 28 33 30 31 27 29 22 21 26 16 15 14 17 20 19 23 24 25 18 13 7 11 8 10 12 9  11.9391

76 1 2 6 3 5 4 34 32 28 33 30 31 27 29 22 21 26 16 15 14 17 20 19 23 24 25 18 13 7 11 8 10 12 9  11.9391

77 1 2 6 3 5 4 34 32 28 33 30 31 27 29 22 21 26 16 15 14 17 20 19 23 24 25 18 13 7 11 8 10 12 9  11.9391

78 1 2 6 3 5 4 34 32 28 33 30 31 27 29 22 21 26 16 15 14 17 20 19 23 24 25 18 13 7 11 8 10 12 9  11.9391

79 1 2 6 3 5 4 34 32 28 33 30 31 27 29 22 21 26 16 15 14 17 20 19 23 24 25 18 13 7 11 8 10 12 9  11.9391

80 1 2 6 3 5 4 34 32 28 33 30 31 27 29 22 21 26 16 15 14 17 20 19 23 24 25 18 13 8 11 7 10 12 9  11.9341

81 1 2 6 3 5 4 34 32 28 33 30 31 27 29 22 21 26 16 15 14 17 20 19 23 24 25 18 13 7 8 11 10 12 9  11.5894

82 1 2 6 3 5 4 34 32 28 33 30 31 27 29 22 21 26 16 15 14 17 20 19 23 24 25 18 13 11 7 8 10 12 9  11.3487

83 1 2 6 3 5 4 34 32 28 33 30 31 27 29 22 21 26 16 15 14 17 20 19 23 24 25 18 13 11 7 8 10 12 9  11.3487

84 1 2 6 3 5 4 34 32 28 33 30 31 27 29 22 21 26 16 15 14 17 20 19 23 24 25 18 13 11 7 8 10 12 9  11.3487

85 1 2 6 3 5 4 34 32 28 33 30 31 27 29 22 21 26 16 15 14 17 20 19 23 24 25 18 13 11 7 8 10 12 9  11.3487

86 1 2 6 3 5 4 34 32 28 33 30 31 27 29 22 21 26 16 15 14 17 20 19 23 24 25 18 13 11 7 8 10 12 9  11.3487

87 1 2 6 3 5 4 34 32 28 33 30 31 27 29 22 21 26 16 15 14 17 20 19 23 24 25 18 13 11 7 8 10 12 9  11.3487

88 1 2 6 3 5 4 34 32 28 33 30 31 27 29 22 21 26 16 15 14 17 20 19 23 24 25 18 13 11 7 8 10 12 9  11.3487

89 1 2 6 3 5 4 34 32 28 33 30 31 27 29 22 21 26 17 15 14 16 20 19 23 24 25 18 13 11 7 8 10 12 9  11.2928

90 1 2 6 3 5 4 34 32 28 33 30 31 27 29 22 21 24 16 15 14 17 20 19 23 26 25 18 13 11 7 8 10 12 9  11.0164

91 1 2 6 3 5 4 34 32 28 33 30 31 27 29 22 21 24 16 15 14 17 20 19 23 26 25 18 13 11 7 8 10 12 9  11.0164

92 1 2 6 3 5 4 34 32 28 33 30 31 27 29 22 21 24 16 15 14 17 20 19 23 26 25 18 13 11 7 8 10 12 9  11.0164

93 1 2 6 3 5 4 34 32 28 33 30 31 27 29 22 21 24 16 15 14 17 20 19 23 26 25 18 13 11 7 8 10 12 9  11.0164

94 1 2 5 3 6 4 34 32 28 33 30 31 27 29 22 21 24 16 15 14 17 20 19 23 26 25 18 13 11 7 8 10 12 9  10.8909

95 1 2 5 3 6 4 34 32 28 33 30 31 27 29 22 21 24 16 15 14 17 20 19 23 26 25 18 13 11 7 8 10 12 9  10.8909

96 1 2 5 3 6 4 34 32 28 33 30 31 27 29 22 21 24 16 15 14 17 20 19 23 26 25 18 13 11 7 8 10 12 9  10.8909

97 1 2 5 3 6 4 34 32 28 33 30 31 27 29 22 21 24 16 15 14 17 20 19 23 26 25 18 13 11 7 8 10 12 9  10.8909

98 1 2 6 3 4 34 32 28 33 30 31 27 29 22 21 26 16 15 14 17 20 19 23 24 25 18 13 11 7 8 10 12 9 5  10.6612

99 1 2 6 3 5 4 34 32 28 33 30 31 27 29 22 21 24 16 15 14 17 20 19 23 26 25 18 13 11 12 9 10 7 8  10.614

100 1 2 6 3 5 4 34 32 28 33 30 31 27 29 22 21 24 16 15 14 17 20 19 23 26 25 18 13 11 12 10 7 9 8  10.4592

101 1 2 6 3 5 4 34 32 28 33 30 31 27 29 22 21 24 16 15 14 17 20 19 23 26 25 18 13 11 12 10 7 9 8  10.4592

102 1 2 6 3 5 4 34 32 28 33 30 31 27 29 22 21 24 16 15 14 17 20 19 23 26 25 18 13 11 12 10 7 9 8  10.4592

103 1 2 6 3 5 4 34 32 28 33 30 31 27 29 22 21 24 16 15 14 17 20 19 23 26 25 18 13 11 12 10 7 9 8  10.4592

104 1 2 6 3 5 34 32 28 33 30 31 27 29 22 21 24 16 15 14 17 20 19 23 26 25 18 13 11 12 10 7 9 8 4  10.2251

105 1 2 6 3 5 34 32 28 33 30 31 27 29 22 21 24 16 15 14 17 20 19 23 26 25 18 13 11 12 10 7 9 8 4  10.2251

106 1 2 6 3 5 34 32 28 33 30 31 27 29 22 24 21 16 15 14 17 20 19 23 26 25 18 13 11 12 10 7 9 8 4  9.94612

107 1 2 6 3 5 34 32 28 33 30 31 27 29 22 24 21 16 15 14 17 20 19 23 26 25 18 13 11 12 10 7 9 8 4  9.94612

108 1 2 6 3 5 34 32 28 33 30 31 27 29 22 24 21 16 15 14 17 20 19 23 26 25 18 13 11 12 10 7 9 8 4  9.94612

109 1 2 6 3 5 34 32 28 33 30 31 27 29 22 24 21 16 15 14 17 20 19 23 26 25 18 13 11 12 10 7 9 8 4  9.94612

110 1 2 6 3 5 34 32 28 33 30 31 27 29 22 24 21 16 15 14 17 20 19 23 26 25 18 13 11 12 10 7 9 8 4  9.94612

111 1 2 6 3 5 34 32 33 28 30 31 27 29 22 24 21 16 15 14 17 20 19 23 26 25 18 13 11 12 10 7 9 8 4  9.73048

112 1 2 6 3 5 34 32 33 28 30 31 27 29 22 24 21 16 15 14 17 20 19 23 26 25 18 13 11 12 10 7 9 8 4  9.73048

113 1 2 6 3 5 34 32 33 28 30 31 27 29 22 24 21 16 15 14 17 20 19 23 26 25 18 13 11 12 10 7 9 8 4  9.73048

114 1 2 6 3 5 34 32 33 28 30 31 27 29 22 24 21 16 15 14 17 20 19 23 26 25 18 13 11 12 10 7 9 8 4  9.73048

115 1 2 6 3 5 34 32 33 28 30 31 27 29 22 24 21 16 15 14 17 20 19 23 26 25 18 13 11 12 10 7 9 8 4  9.73048

116 1 2 6 3 5 34 32 33 28 30 31 27 29 22 24 21 16 15 14 17 20 19 23 26 25 18 13 11 12 10 7 9 8 4  9.73048

117 1 2 6 3 5 34 32 33 28 30 31 27 29 22 24 21 20 17 14 15 16 19 23 26 25 18 13 11 12 10 7 9 8 4  9.64007

118 1 2 6 3 5 34 32 33 30 28 31 27 29 22 24 21 16 15 14 17 20 19 23 26 25 18 13 11 12 10 7 9 8 4  9.44632

119 1 2 6 3 5 34 32 33 30 28 31 27 29 22 24 21 16 15 14 17 20 19 23 26 25 18 13 11 12 10 7 9 8 4  9.44632

120 1 2 6 3 5 34 32 33 30 28 31 27 29 22 24 21 16 15 14 17 20 19 23 26 25 18 13 11 12 10 7 9 8 4  9.44632

121 1 2 6 3 5 34 32 33 30 28 31 27 29 22 24 21 16 15 14 17 20 19 23 26 25 18 13 11 12 10 7 9 8 4  9.44632

122 1 2 6 3 5 34 32 33 30 28 31 27 29 22 24 21 20 17 14 15 16 19 23 26 25 18 13 11 12 10 7 9 8 4  9.35591

123 1 2 6 3 5 34 32 33 30 28 31 27 29 22 24 21 20 17 14 15 16 19 23 26 25 18 13 11 12 10 7 9 8 4  9.35591

124 1 2 6 3 5 34 32 33 30 28 31 27 29 22 24 21 20 17 14 15 16 19 23 26 25 18 13 11 12 10 7 9 8 4  9.35591

125 1 2 6 3 5 34 32 33 30 28 31 27 29 22 24 21 20 17 14 15 16 19 23 26 25 18 13 11 12 10 7 9 8 4  9.35591

126 1 2 6 3 5 34 32 33 30 28 31 27 29 22 24 21 20 17 14 15 16 19 23 26 25 18 13 11 12 10 9 7 8 4  9.23323

127 1 2 6 3 5 34 32 33 30 28 31 27 29 22 24 21 20 17 14 15 16 19 23 26 25 18 13 11 12 10 9 7 8 4  9.23323

128 1 2 3 6 5 34 32 33 30 28 31 27 29 22 24 21 20 17 14 15 16 19 23 26 25 18 13 11 12 10 7 9 8 4  8.82305

129 1 2 3 6 5 34 32 33 30 28 31 27 29 22 24 21 20 17 14 15 16 19 23 26 25 18 13 11 12 10 7 9 8 4  8.82305

130 1 2 3 6 5 34 32 33 30 28 31 27 29 22 24 21 20 17 14 15 16 19 23 26 25 18 13 11 12 10 7 9 8 4  8.82305

131 1 2 3 6 5 34 32 33 30 28 31 27 29 22 24 21 20 17 14 15 16 19 23 26 25 18 13 11 12 10 7 9 8 4  8.82305

132 1 2 3 6 5 34 32 33 30 28 31 27 29 22 24 21 20 17 14 15 16 19 23 26 25 18 13 11 12 10 7 9 8 4  8.82305

133 1 2 3 6 5 34 32 33 30 28 31 27 29 22 24 21 20 17 15 14 16 19 23 26 25 18 13 11 12 10 7 9 8 4  8.81097

134 1 2 3 6 5 34 32 33 30 28 31 27 29 22 24 21 20 17 15 14 16 19 23 26 25 18 13 11 12 10 7 9 8 4  8.81097

135 1 2 3 6 5 34 32 33 30 28 31 27 29 22 24 21 20 17 15 14 16 19 23 26 25 18 13 11 12 10 7 9 8 4  8.81097

136 1 2 3 6 5 34 32 33 30 28 31 27 29 22 24 21 20 17 15 14 16 19 23 26 25 18 13 11 12 10 7 9 8 4  8.81097

137 1 2 3 6 5 34 32 33 30 28 31 27 29 22 24 21 20 17 14 15 16 19 23 26 25 18 13 11 12 10 9 8 7 4  8.68512

138 1 2 3 6 5 34 32 33 30 28 31 27 29 22 24 21 20 17 14 15 16 19 23 26 25 18 13 11 12 10 9 8 7 4  8.68512

139 1 2 3 6 5 34 32 33 30 28 31 27 29 22 24 21 20 17 14 15 16 19 23 26 25 18 13 11 12 10 9 8 7 4  8.68512

140 1 2 3 6 5 34 32 33 30 28 31 27 29 22 24 21 20 17 14 15 16 19 23 26 25 18 13 11 12 10 9 8 7 4  8.68512

141 1 2 3 6 5 34 32 33 30 28 31 27 29 22 24 21 20 17 14 15 16 19 23 26 25 18 13 11 12 10 9 8 7 4  8.68512

142 1 2 3 6 5 34 32 33 30 28 31 27 29 22 24 21 20 17 14 15 16 19 23 26 25 18 13 11 12 10 9 8 7 4  8.68512

143 1 2 3 6 5 34 32 33 30 28 31 27 29 22 24 21 20 17 14 15 16 19 23 26 25 18 13 11 12 10 9 8 7 4  8.68512

144 1 2 3 6 5 34 32 33 30 28 31 27 29 22 24 21 20 17 14 15 16 19 23 26 25 18 13 11 12 10 9 8 7 4  8.68512

145 1 2 3 6 5 34 32 33 30 28 31 27 29 22 24 21 20 17 14 15 16 19 23 26 25 18 13 11 12 10 9 8 7 4  8.68512

146 1 2 3 6 5 34 32 33 30 28 31 27 29 22 24 21 20 17 14 15 16 19 23 26 25 18 13 11 12 10 9 8 7 4  8.68512

147 1 2 3 6 5 34 32 33 30 28 31 27 29 22 24 21 20 17 14 15 16 19 23 26 25 18 13 11 12 10 9 8 7 4  8.68512

148 1 2 3 6 5 34 32 33 30 28 31 27 29 22 24 21 20 17 14 15 16 19 23 26 25 18 13 11 12 10 9 8 7 4  8.68512

149 1 2 3 6 5 34 32 33 30 28 31 27 29 22 24 21 20 17 14 15 16 19 23 26 25 18 13 11 12 10 9 8 7 4  8.68512

150 1 2 3 6 5 34 32 33 30 28 31 27 29 22 24 21 20 17 14 15 16 19 23 26 25 18 13 12 11 10 9 8 7 4  8.61772

151 1 2 3 6 5 34 32 33 30 28 31 27 29 22 24 21 20 17 14 15 16 19 23 26 25 18 13 12 11 10 9 8 7 4  8.61772

152 1 2 3 6 5 34 32 33 30 28 31 27 29 22 24 21 20 17 14 15 16 19 23 26 25 18 13 12 11 10 9 8 7 4  8.61772

153 1 2 3 6 5 34 32 33 30 28 31 27 29 22 24 21 20 17 14 15 16 19 23 26 25 18 13 12 11 10 9 8 7 4  8.61772

154 1 2 3 6 5 34 32 33 30 28 31 27 29 22 24 21 20 17 14 15 16 19 23 26 25 18 13 12 11 10 9 8 7 4  8.61772

155 1 2 3 6 5 34 32 33 30 28 31 27 29 22 24 21 20 17 14 15 16 19 23 26 25 18 13 12 11 10 9 8 7 4  8.61772

156 1 2 3 6 5 34 32 33 30 28 31 27 29 22 24 21 20 17 14 15 16 19 23 26 25 18 13 12 11 10 9 8 7 4  8.61772

157 1 2 3 6 5 34 32 33 30 28 31 27 29 22 24 21 20 17 14 15 16 19 23 26 25 18 13 12 11 10 9 8 7 4  8.61772

158 1 2 3 6 5 34 32 33 30 28 31 27 29 22 24 21 20 17 14 15 16 19 23 26 25 18 13 12 11 10 9 8 7 4  8.61772

159 1 2 3 6 5 34 32 33 30 28 31 27 29 22 24 21 20 17 14 15 16 19 23 26 25 18 13 12 11 10 9 8 7 4  8.61772

160 1 2 3 4 5 34 32 33 30 28 31 27 29 22 24 21 20 17 14 15 16 19 23 26 25 18 13 12 11 10 9 8 7 6  8.33854

161 1 2 3 4 5 34 32 33 30 28 31 27 29 22 24 21 20 17 14 15 16 19 23 26 25 18 13 12 11 10 9 8 7 6  8.33854

162 1 2 3 4 5 34 32 33 30 28 31 27 29 22 24 21 20 17 14 15 16 19 23 26 25 18 13 12 11 10 9 8 7 6  8.33854

163 1 3 4 5 2 34 32 33 30 28 31 27 29 22 24 21 20 17 14 15 16 19 23 26 25 18 13 12 11 10 9 8 7 6  7.84648

164 1 3 4 5 2 34 32 33 30 28 31 27 29 22 24 21 20 17 14 15 16 19 23 26 25 18 13 12 11 10 9 8 7 6  7.84648

165 1 3 4 5 2 34 32 33 30 28 31 27 29 22 24 21 20 17 14 15 16 19 23 26 25 18 13 12 11 10 9 8 7 6  7.84648

166 1 3 4 5 2 34 32 33 30 28 31 27 29 22 24 21 20 17 14 15 16 19 23 26 25 18 13 12 11 10 9 8 7 6  7.84648

167 1 3 4 5 2 34 32 33 30 28 31 27 29 22 24 21 20 17 14 15 16 19 23 26 25 18 13 12 11 10 9 8 7 6  7.84648

168 1 3 4 5 2 34 32 33 30 28 31 27 29 22 24 21 20 17 14 15 16 19 23 26 25 18 13 12 11 10 9 8 7 6  7.84648

169 1 3 4 5 2 34 32 33 30 28 31 27 29 22 24 21 20 17 14 15 16 19 23 26 25 18 13 12 11 10 9 8 7 6  7.84648

170 1 3 4 5 2 34 32 33 30 28 31 27 29 22 24 21 20 16 14 15 17 19 23 26 25 18 13 12 11 10 9 8 7 6  7.83483

171 1 3 4 5 2 34 32 33 30 28 31 27 29 22 24 21 20 16 14 15 17 19 23 26 25 18 13 12 11 10 9 8 7 6  7.83483

172 1 3 4 5 2 34 32 33 30 28 31 27 29 22 24 21 20 16 14 15 17 19 23 26 25 18 13 12 11 10 9 8 7 6  7.83483

173 1 3 4 5 2 34 32 33 30 28 31 27 29 22 24 21 20 16 14 15 17 19 23 26 25 18 13 12 11 10 9 8 7 6  7.83483

174 1 3 4 5 2 34 32 33 30 28 31 27 29 22 24 21 19 16 14 15 17 20 23 26 25 18 13 12 11 10 9 8 7 6  7.83241

175 1 3 4 5 2 34 32 33 30 31 28 27 29 22 24 21 20 16 14 15 17 19 23 26 25 18 13 12 11 10 9 8 7 6  7.45037

176 1 3 4 5 2 34 32 33 30 31 28 27 29 22 24 21 20 16 14 15 17 19 23 26 25 18 13 12 11 10 9 8 7 6  7.45037

177 1 3 4 5 2 34 32 33 30 31 28 27 29 22 24 21 20 16 14 15 17 19 23 26 25 18 13 12 11 10 9 8 7 6  7.45037

178 1 3 4 5 2 34 32 33 31 30 28 27 29 22 24 21 20 16 14 15 17 19 23 26 25 18 13 12 11 10 9 8 7 6  7.43637

179 1 3 4 5 2 34 32 33 31 30 28 27 29 22 24 21 20 16 14 15 17 19 23 26 25 18 13 12 11 10 9 8 7 6  7.43637

180 1 3 4 5 2 34 32 33 31 30 28 27 29 22 24 21 20 16 14 15 17 19 23 26 25 18 13 12 11 10 9 8 7 6  7.43637

181 1 3 4 5 2 34 32 33 31 30 28 29 22 24 21 20 16 14 15 17 19 23 26 27 25 18 13 12 11 10 9 8 7 6  7.37258

182 1 3 4 5 2 34 32 33 31 30 28 29 22 24 21 20 16 14 15 17 19 23 26 27 25 18 13 12 11 10 9 8 7 6  7.37258

183 1 3 4 5 2 34 32 33 31 30 28 29 22 24 21 20 16 14 15 17 19 23 26 27 25 18 13 12 11 10 9 8 7 6  7.37258

184 1 3 4 5 2 34 32 33 31 30 28 29 22 24 21 20 16 14 15 17 19 23 26 27 25 18 13 12 11 10 9 8 7 6  7.37258

185 1 3 4 5 2 34 32 33 31 30 28 29 22 24 21 20 16 14 15 17 19 23 26 27 25 18 13 12 11 10 9 8 7 6  7.37258

186 1 3 4 5 2 34 32 33 31 30 28 29 22 24 21 20 16 14 15 17 19 23 26 27 25 18 13 12 11 10 9 8 7 6  7.37258

187 1 3 4 5 2 34 32 33 31 30 28 29 22 24 21 20 16 14 15 17 19 23 26 27 25 18 13 12 11 10 9 8 7 6  7.37258

188 1 3 4 5 2 34 32 33 31 30 28 29 22 24 21 20 16 14 15 17 19 23 26 27 25 18 13 12 11 10 9 8 7 6  7.37258

189 1 3 4 5 2 34 32 33 31 30 28 29 22 24 21 20 16 14 15 17 19 23 26 27 25 18 13 12 11 10 9 8 7 6  7.37258

190 1 5 2 34 32 33 31 30 28 27 29 22 24 21 20 16 14 15 17 19 23 26 25 18 13 12 11 10 9 8 7 6 4 3  7.26969

191 1 5 2 34 32 33 31 30 28 27 29 22 24 21 20 16 14 15 17 19 23 26 25 18 13 12 11 10 9 8 7 6 4 3  7.26969

192 1 5 2 34 32 33 31 30 28 27 29 22 24 21 20 16 14 15 17 19 23 26 25 18 13 12 11 10 9 8 7 6 4 3  7.26969

193 1 5 2 34 32 33 31 30 28 27 29 22 24 21 20 16 14 15 17 19 23 26 25 18 13 12 11 10 9 8 7 6 4 3  7.26969

194 1 5 2 34 32 33 31 30 28 27 29 22 24 21 20 16 14 15 17 19 23 26 25 18 13 12 11 10 9 8 7 6 4 3  7.26969

195 1 5 2 34 32 33 31 30 28 27 29 22 24 21 20 16 14 15 17 19 23 26 25 18 13 12 11 10 9 8 7 6 4 3  7.26969

196 1 5 2 34 32 33 31 30 28 27 29 22 24 21 20 16 14 15 17 19 23 26 25 18 13 12 11 10 9 8 7 6 4 3  7.26969

197 1 5 2 34 32 33 31 30 28 27 29 22 24 21 20 16 14 15 17 19 23 26 25 18 13 12 11 10 9 8 7 6 4 3  7.26969

198 1 5 2 34 32 33 31 30 28 27 29 22 24 21 20 16 14 15 17 19 23 26 25 18 13 12 11 10 9 8 7 6 4 3  7.26969

199 1 5 2 34 32 33 31 30 28 27 29 22 24 21 20 16 14 15 17 19 23 26 25 18 13 12 11 10 9 8 7 6 4 3  7.26969

200 1 5 2 34 32 33 31 30 28 27 29 22 24 21 20 16 14 15 17 19 23 26 25 18 13 12 11 10 9 8 7 6 4 3  7.26969

201 1 5 2 34 32 33 31 30 28 27 29 22 24 21 20 16 14 15 17 19 23 26 25 18 13 12 11 10 9 8 7 6 4 3  7.26969

202 1 5 2 34 32 33 31 30 28 27 29 22 24 21 20 16 14 15 17 19 23 26 25 18 13 12 11 10 9 8 7 6 4 3  7.26969

203 1 5 2 34 32 33 31 30 28 27 29 22 24 21 20 16 14 15 17 19 23 26 25 18 13 12 11 10 9 8 7 6 4 3  7.26969

204 1 5 2 34 32 33 31 30 28 27 29 22 24 21 20 16 14 15 17 19 23 26 25 18 13 12 11 10 9 8 7 6 4 3  7.26969

205 1 5 2 34 32 33 31 30 28 27 29 22 24 21 20 16 14 15 17 19 23 26 25 18 13 12 11 10 9 8 7 6 4 3  7.26969

206 1 5 2 34 32 33 31 30 28 27 29 22 24 21 20 16 14 15 17 19 23 26 25 18 13 12 11 10 9 8 7 6 4 3  7.26969

207 1 5 2 34 32 33 31 30 28 27 29 22 24 21 20 16 14 15 17 19 23 26 25 18 13 12 11 10 9 8 7 6 4 3  7.26969

208 1 5 2 34 32 33 31 30 28 27 29 22 24 21 20 16 14 15 17 19 23 26 25 18 13 12 11 10 9 8 7 6 4 3  7.26969

209 1 5 2 34 32 33 31 30 28 27 29 22 24 21 20 16 14 15 17 19 23 26 25 18 13 12 11 10 9 8 7 6 4 3  7.26969

210 1 5 2 34 32 33 31 30 28 27 29 22 24 21 20 16 14 15 17 19 23 26 25 18 13 12 11 10 9 8 7 6 4 3  7.26969

211 1 5 2 34 32 33 31 30 28 27 29 22 24 21 20 16 14 15 17 19 23 26 25 18 13 12 11 10 9 8 7 6 4 3  7.26969

212 1 5 2 34 32 33 31 30 28 27 29 22 24 21 20 16 14 15 17 19 23 26 25 18 13 12 11 10 9 8 7 6 4 3  7.26969

213 1 5 2 34 32 33 31 30 28 27 29 22 24 21 20 16 14 15 17 19 23 26 25 18 13 12 11 10 9 8 7 6 4 3  7.26969

214 1 5 2 34 33 32 31 30 28 27 29 22 24 21 20 16 14 15 17 19 23 26 25 18 13 12 11 10 9 8 7 6 4 3  6.59377

215 1 5 2 34 33 32 31 30 28 27 29 22 24 21 20 16 14 15 17 19 23 26 25 18 13 12 11 10 9 8 7 6 4 3  6.59377

216 1 5 2 34 33 32 31 30 28 27 29 22 24 21 20 16 14 15 17 19 23 26 25 18 13 12 11 10 9 8 7 6 4 3  6.59377

217 1 5 2 34 33 32 31 30 28 27 29 22 24 21 20 16 14 15 17 19 23 26 25 18 13 12 11 10 9 8 7 6 4 3  6.59377

218 1 5 2 34 33 32 31 30 28 27 29 22 24 21 20 16 14 15 17 19 23 26 25 18 13 12 11 10 9 8 7 6 4 3  6.59377

219 1 5 2 34 33 32 31 30 28 27 29 22 24 21 20 16 14 15 17 19 23 26 25 18 13 12 11 10 9 8 7 6 4 3  6.59377

220 1 5 2 34 33 32 31 30 28 27 29 22 24 21 20 16 14 15 17 19 23 26 25 18 13 12 11 10 9 8 7 6 4 3  6.59377

221 1 5 2 34 33 32 31 30 28 27 29 22 24 21 20 16 14 15 17 19 23 26 25 18 13 12 11 10 9 8 7 6 4 3  6.59377

222 1 5 2 34 33 32 31 30 28 27 29 22 24 21 20 16 14 15 17 19 25 26 23 18 13 12 11 10 9 8 7 6 4 3  6.58217

223 1 5 2 34 33 32 31 30 28 27 29 22 24 21 20 16 14 15 17 19 25 26 23 18 13 12 11 10 9 8 7 6 4 3  6.58217

224 1 5 2 34 33 32 31 30 28 27 29 22 24 21 20 16 14 15 17 19 25 26 23 18 13 12 11 10 9 8 7 6 4 3  6.58217

225 1 5 2 34 33 32 31 30 28 27 29 22 24 21 20 16 14 15 17 19 25 26 23 18 13 12 11 10 9 8 7 6 4 3  6.58217

226 1 5 2 34 33 32 31 30 28 27 29 22 24 21 20 16 14 15 17 19 25 26 23 18 13 12 11 10 9 8 7 6 4 3  6.58217

227 1 5 2 34 33 32 31 30 28 27 29 22 24 21 20 16 14 15 17 19 25 26 23 18 13 12 11 10 9 8 7 6 4 3  6.58217

228 1 5 2 34 33 32 31 30 28 27 29 22 24 21 20 16 14 15 17 19 25 26 23 18 13 12 11 10 9 8 7 6 4 3  6.58217

229 1 5 2 34 33 32 31 30 28 27 29 22 24 21 20 16 14 15 17 19 25 26 23 18 13 12 11 10 9 8 7 6 4 3  6.58217

230 1 5 2 34 33 32 31 30 28 27 29 22 24 21 20 16 14 15 17 19 25 26 23 18 13 12 11 10 9 8 7 6 4 3  6.58217

231 1 5 2 34 33 32 31 30 28 27 29 22 24 21 20 16 14 15 17 19 25 26 23 18 13 12 11 10 9 8 7 6 4 3  6.58217

232 1 5 2 34 33 32 31 30 28 27 29 22 24 21 20 16 14 15 17 19 25 26 23 18 13 12 11 10 9 8 7 6 4 3  6.58217

233 1 5 2 34 33 32 31 30 28 27 29 22 24 21 20 16 14 15 17 19 25 26 23 18 13 12 11 10 9 8 7 6 4 3  6.58217

234 1 5 2 34 33 32 31 30 28 27 29 22 24 21 20 16 14 15 17 19 25 26 23 18 13 12 11 10 9 8 7 6 4 3  6.58217

235 1 5 2 34 33 32 31 30 28 27 29 22 24 21 20 16 14 15 17 19 25 26 23 18 13 12 11 10 9 8 7 6 4 3  6.58217

236 1 5 2 34 33 32 31 30 28 27 29 22 24 21 20 16 14 15 17 19 25 26 23 18 13 12 11 10 9 8 7 6 4 3  6.58217

237 1 5 2 34 33 32 31 30 28 27 29 22 24 21 20 16 14 15 17 19 25 26 23 18 13 12 11 10 9 8 7 6 4 3  6.58217

238 1 5 2 34 33 32 31 30 28 27 29 22 24 21 20 16 14 15 17 19 25 26 23 18 13 12 11 10 9 8 7 6 4 3  6.58217

239 1 5 2 34 33 32 31 30 28 27 29 22 24 21 20 16 14 15 17 19 25 26 23 18 13 12 11 10 9 8 7 6 4 3  6.58217

240 1 5 2 34 33 32 31 30 28 27 29 23 26 25 19 16 14 15 17 20 21 24 22 18 13 12 11 10 9 8 7 6 4 3  6.57121

241 1 5 2 34 33 32 31 30 28 27 29 23 26 25 19 16 14 15 17 20 21 24 22 18 13 12 11 10 9 8 7 6 4 3  6.57121

242 1 5 2 34 33 32 31 30 28 27 29 23 26 25 19 16 14 15 17 20 21 24 22 18 13 12 11 10 9 8 7 6 4 3  6.57121

243 1 5 2 34 33 32 31 30 28 27 29 23 26 25 19 16 14 15 17 20 21 24 22 18 13 12 11 10 9 8 7 6 4 3  6.57121

244 1 5 2 34 33 32 31 30 28 27 29 23 26 25 19 16 14 15 17 20 21 24 22 18 13 12 11 10 9 8 7 6 4 3  6.57121

245 1 5 2 34 33 32 31 30 28 27 29 23 26 25 19 16 14 15 17 20 21 24 22 18 13 12 11 10 9 8 7 6 4 3  6.57121

246 1 5 2 34 33 32 31 30 28 27 29 23 26 25 19 16 14 15 17 20 21 24 22 18 13 12 11 10 9 8 7 6 4 3  6.57121

247 1 5 2 34 33 32 31 30 28 27 29 23 26 25 19 16 14 15 17 20 21 24 22 18 13 12 11 10 9 8 7 6 4 3  6.57121

248 1 5 2 34 33 32 31 30 28 27 29 23 26 25 19 16 14 15 17 20 21 24 22 18 13 12 11 10 9 8 7 6 4 3  6.57121

249 1 5 2 34 33 32 31 30 28 27 29 23 26 25 19 16 14 15 17 20 21 24 22 18 13 12 11 10 9 8 7 6 4 3  6.57121

250 1 5 2 34 33 32 31 30 28 27 29 23 26 25 19 16 14 15 17 20 21 24 22 18 13 12 11 10 9 8 7 6 4 3  6.57121

251 1 5 2 34 33 32 31 30 28 27 29 23 26 25 19 16 14 15 17 20 21 24 22 18 13 12 11 10 9 8 7 6 4 3  6.57121

252 1 5 2 34 33 32 31 30 28 27 29 23 26 25 19 16 14 15 17 20 21 24 22 18 13 12 11 10 9 8 7 6 4 3  6.57121

253 1 5 2 34 33 32 31 30 28 27 29 23 26 25 19 24 22 18 17 20 21 16 14 15 13 12 11 10 9 8 7 6 4 3  5.54368

254 1 5 2 34 33 32 31 30 28 27 29 23 26 25 19 24 22 18 17 20 21 16 14 15 13 12 11 10 9 8 7 6 4 3  5.54368

255 1 5 2 34 33 32 31 30 28 27 29 23 26 25 19 24 22 18 17 20 21 16 14 15 13 12 11 10 9 8 7 6 4 3  5.54368

256 1 5 2 34 33 32 31 30 28 27 29 23 26 25 19 24 22 18 17 20 21 16 14 15 13 12 11 10 9 8 7 6 4 3  5.54368

257 1 5 2 34 33 32 31 30 28 27 29 23 26 25 19 24 22 18 17 20 21 16 14 15 13 12 11 10 9 8 7 6 4 3  5.54368

258 1 5 2 34 33 32 31 30 28 27 29 23 26 25 19 24 22 18 17 20 21 16 14 15 13 12 11 10 9 8 7 6 4 3  5.54368

259 1 5 2 34 33 32 31 30 28 27 29 23 26 25 19 24 22 18 17 20 21 16 14 15 13 12 11 10 9 8 7 6 4 3  5.54368

260 1 5 2 34 33 32 31 30 28 27 29 23 26 25 19 24 22 18 17 20 21 16 14 15 13 12 11 10 9 8 7 6 4 3  5.54368

261 1 5 2 34 33 32 31 30 28 27 29 23 26 25 19 24 22 18 17 20 21 16 14 15 13 12 11 10 9 8 7 6 4 3  5.54368

262 1 5 2 34 33 32 31 30 28 27 29 23 26 25 19 24 22 18 17 20 21 16 14 15 13 12 11 10 9 8 7 6 4 3  5.54368

263 1 5 2 34 33 32 31 30 28 27 29 23 26 25 19 24 22 18 17 20 21 16 14 15 13 12 11 10 9 8 7 6 4 3  5.54368

264 1 5 2 34 33 32 31 30 28 27 29 23 26 25 19 24 22 18 17 20 21 16 14 15 13 12 11 10 9 8 7 6 4 3  5.54368

265 1 5 2 34 33 32 31 30 28 27 29 23 26 25 19 24 22 18 17 20 21 16 14 15 13 12 11 10 9 8 7 6 4 3  5.54368

266 1 5 2 34 33 32 31 30 28 27 29 23 26 25 19 24 22 18 17 20 21 16 14 15 13 12 11 10 9 8 7 6 4 3  5.54368

267 1 5 2 34 33 32 31 30 28 27 29 23 26 25 18 17 20 19 24 22 21 16 14 15 13 12 11 10 9 8 7 6 4 3  5.23925

268 1 5 2 34 33 32 31 30 28 27 29 23 26 25 18 17 20 19 24 22 21 16 14 15 13 12 11 10 9 8 7 6 4 3  5.23925

269 1 5 2 34 33 32 31 30 28 27 29 23 26 25 18 17 20 19 24 22 21 16 14 15 13 12 11 10 9 8 7 6 4 3  5.23925

270 1 5 2 34 33 32 31 30 28 27 29 23 26 25 18 17 20 19 24 22 21 16 14 15 13 12 11 10 9 8 7 6 4 3  5.23925

271 1 5 2 34 33 32 31 30 28 27 29 23 26 25 18 17 20 19 24 22 21 16 14 15 13 12 11 10 9 8 7 6 4 3  5.23925

272 1 5 2 34 33 32 31 30 28 27 29 23 26 25 18 17 20 19 24 22 21 16 14 15 13 12 11 10 9 8 7 6 4 3  5.23925

273 1 5 2 34 33 32 31 30 28 27 29 23 26 25 18 17 20 19 24 22 21 16 14 15 13 12 11 10 9 8 7 6 4 3  5.23925

274 1 5 2 34 33 32 31 30 28 27 29 23 26 25 18 17 20 19 24 22 21 16 14 15 13 12 11 10 9 8 7 6 4 3  5.23925

275 1 5 2 34 33 32 31 30 28 27 29 23 26 25 18 17 20 19 24 22 21 16 14 15 13 12 11 10 9 8 7 6 4 3  5.23925

276 1 5 2 34 33 32 31 30 28 27 29 23 26 25 18 17 20 19 24 22 21 16 14 15 13 12 11 10 9 8 7 6 4 3  5.23925

277 1 5 2 34 33 32 31 30 28 27 29 23 26 25 18 17 20 19 24 22 21 16 14 15 13 12 11 10 9 8 7 6 4 3  5.23925

278 1 5 2 34 33 32 31 30 28 27 29 23 26 25 18 17 20 19 24 22 21 16 14 15 13 12 11 10 9 8 7 6 4 3  5.23925

279 1 5 2 34 33 32 31 30 28 27 29 23 26 25 18 17 20 19 24 22 21 16 14 15 13 12 11 10 9 8 7 6 4 3  5.23925

280 1 5 2 34 33 32 31 30 28 27 29 23 26 25 18 17 20 19 24 22 21 16 14 15 13 12 11 10 9 8 7 6 4 3  5.23925

281 1 5 2 34 33 32 31 30 28 27 29 23 26 25 18 17 20 19 24 22 21 16 14 15 13 12 11 10 9 8 7 6 4 3  5.23925

282 1 5 2 34 33 32 31 30 28 27 29 23 26 25 18 17 20 19 24 22 21 16 14 15 13 12 11 10 9 8 7 6 4 3  5.23925

283 1 5 2 34 33 32 31 30 28 27 29 23 26 25 18 17 20 19 24 22 21 16 14 15 13 12 11 10 9 8 7 6 4 3  5.23925

284 1 5 2 34 33 32 31 30 28 27 29 23 26 25 18 17 20 19 24 22 21 16 14 15 13 12 11 10 9 8 7 6 4 3  5.23925

285 1 5 2 34 33 32 31 30 28 27 29 23 26 25 18 17 20 19 24 22 21 16 14 15 13 12 11 10 9 8 7 6 4 3  5.23925

286 1 5 2 34 33 32 31 30 28 27 29 23 26 25 18 17 20 19 24 22 21 16 14 15 13 12 11 10 9 8 7 6 4 3  5.23925

287 1 5 2 34 33 32 31 30 28 27 29 23 26 25 18 17 20 19 24 22 21 16 14 15 13 12 11 10 9 8 7 6 4 3  5.23925

288 1 5 2 34 33 32 31 30 28 27 29 23 26 25 18 17 20 19 24 22 21 16 14 15 13 12 11 10 9 8 7 6 4 3  5.23925

289 1 5 2 34 33 32 31 30 28 27 29 23 26 25 18 17 20 19 24 22 21 16 14 15 13 12 11 10 9 8 7 6 4 3  5.23925

290 1 5 2 34 33 32 31 30 28 27 29 23 26 25 18 17 20 19 24 22 21 16 14 15 13 12 11 10 9 8 7 6 4 3  5.23925

291 1 5 2 34 33 32 31 30 28 27 29 23 26 25 18 17 20 19 24 22 21 16 14 15 13 12 11 10 9 8 7 6 4 3  5.23925

292 1 5 2 34 33 32 31 30 28 27 29 23 26 25 18 17 20 19 24 22 21 16 14 15 13 12 11 10 9 8 7 6 4 3  5.23925

293 1 5 2 34 33 32 31 30 28 27 29 23 26 25 18 17 20 19 24 22 21 16 14 15 13 12 11 10 9 8 7 6 4 3  5.23925

294 1 5 2 34 33 32 31 30 28 27 29 23 26 25 18 17 20 19 24 22 21 16 14 15 13 12 11 10 9 8 7 6 4 3  5.23925

295 1 5 2 34 33 32 31 30 28 27 29 23 26 25 18 17 20 19 24 22 21 16 14 15 13 12 11 10 9 8 7 6 4 3  5.23925

296 1 5 2 34 33 32 31 30 28 27 29 23 26 25 18 17 20 19 24 22 21 16 14 15 13 12 11 10 9 8 7 6 4 3  5.23925

297 1 5 2 34 33 32 31 30 28 27 29 23 26 25 18 17 20 19 24 22 21 16 14 15 13 12 11 10 9 8 7 6 4 3  5.23925

298 1 5 2 34 33 32 31 30 28 27 29 23 26 25 18 17 20 19 24 22 21 16 14 15 13 12 11 10 9 8 7 6 4 3  5.23925

299 1 5 2 34 33 32 31 30 28 27 29 23 26 25 18 17 20 19 24 22 21 16 14 15 13 12 11 10 9 8 7 6 4 3  5.23925

300 1 5 2 34 33 32 31 30 28 27 29 23 26 25 18 17 20 19 24 22 21 16 14 15 13 12 11 10 9 8 7 6 4 3  5.23925

301 1 5 2 34 33 32 31 30 28 27 29 23 26 25 18 17 19 20 24 22 21 16 14 15 13 12 11 10 9 8 7 6 4 3  5.23098

302 1 5 2 34 33 32 31 30 28 27 29 23 26 25 18 17 19 20 24 22 21 16 14 15 13 12 11 10 9 8 7 6 4 3  5.23098

303 1 5 2 34 33 32 31 30 28 27 29 23 26 25 18 17 19 20 24 22 21 16 14 15 13 12 11 10 9 8 7 6 4 3  5.23098

304 1 5 2 34 33 32 31 30 28 27 29 23 26 25 18 17 19 20 24 22 21 16 14 15 13 12 11 10 9 8 7 6 4 3  5.23098

305 1 5 2 34 33 32 31 30 28 27 29 23 26 25 18 17 19 20 24 22 21 16 14 15 13 12 11 10 9 8 7 6 4 3  5.23098

306 1 5 2 34 33 32 31 30 28 27 29 23 26 25 18 17 19 20 24 22 21 16 14 15 13 12 11 10 9 8 7 6 4 3  5.23098

307 1 5 2 34 33 32 31 30 28 27 29 23 26 25 18 17 19 20 24 22 21 16 14 15 13 12 11 10 9 8 7 6 4 3  5.23098

308 1 5 2 34 33 32 31 30 28 27 29 23 26 25 18 17 19 20 24 22 21 16 14 15 13 12 11 10 9 8 7 6 4 3  5.23098

309 1 5 2 34 33 32 31 30 28 27 29 23 26 25 18 17 19 20 24 22 21 16 14 15 13 12 11 10 9 8 7 6 4 3  5.23098

310 1 5 2 34 33 32 31 30 28 27 29 23 26 25 18 17 19 20 24 22 21 16 14 15 13 12 11 10 9 8 7 6 4 3  5.23098

311 1 5 2 34 33 32 31 30 28 27 29 23 26 25 18 17 19 20 24 22 21 16 14 15 13 12 11 10 9 8 7 6 4 3  5.23098

312 1 5 2 34 33 32 31 30 28 27 29 23 26 25 18 17 19 20 24 22 21 16 14 15 13 12 11 10 9 8 7 6 4 3  5.23098

313 1 5 2 34 33 32 31 30 28 27 29 23 26 25 18 17 19 20 24 22 21 16 14 15 13 12 11 10 9 8 7 6 4 3  5.23098

314 1 5 2 34 33 32 31 30 28 27 29 24 22 21 16 17 19 20 23 26 25 18 14 15 13 12 11 10 9 8 7 6 4 3  5.12687

315 1 5 2 34 33 32 31 30 28 27 29 24 22 21 16 17 19 20 23 26 25 18 14 15 13 12 11 10 9 8 7 6 4 3  5.12687

316 1 5 2 34 33 32 31 30 28 27 29 24 22 21 16 17 19 20 23 26 25 18 14 15 13 12 11 10 9 8 7 6 4 3  5.12687

317 1 5 2 34 33 32 31 30 28 27 29 24 22 21 16 17 19 20 23 26 25 18 14 15 13 12 11 10 9 8 7 6 4 3  5.12687

318 1 5 2 34 33 32 31 30 28 27 29 24 22 21 16 17 19 20 23 26 25 18 14 15 13 12 11 10 9 8 7 6 4 3  5.12687

319 1 5 2 34 33 32 31 30 28 27 29 24 22 21 16 17 19 20 23 26 25 18 14 15 13 12 11 10 9 8 7 6 4 3  5.12687

320 1 5 2 34 33 32 31 30 28 27 29 24 22 21 16 17 19 20 23 26 25 18 14 15 13 12 11 10 9 8 7 6 4 3  5.12687

321 1 5 2 34 33 32 31 30 28 27 29 24 22 21 16 17 19 20 23 26 25 18 14 15 13 12 11 10 9 8 7 6 4 3  5.12687

322 1 5 2 34 33 32 31 30 28 27 29 24 22 21 16 17 19 20 23 26 25 18 14 15 13 12 11 10 9 8 7 6 4 3  5.12687

323 1 5 2 34 33 32 31 30 28 27 29 24 22 21 16 17 19 20 23 26 25 18 14 15 13 12 11 10 9 8 7 6 4 3  5.12687

324 1 5 2 34 33 32 31 30 28 27 29 24 22 21 16 17 19 20 23 26 25 18 14 15 13 12 11 10 9 8 7 6 4 3  5.12687

325 1 5 2 34 33 32 31 30 28 27 29 24 22 21 16 17 19 20 23 26 25 18 14 15 13 12 11 10 9 8 7 6 4 3  5.12687

326 1 5 2 34 33 32 31 30 28 27 29 26 22 21 16 17 19 20 23 24 25 18 14 15 13 12 11 10 9 8 7 6 4 3  4.78167

327 1 5 2 34 33 32 31 30 28 27 29 26 22 21 16 17 19 20 23 24 25 18 14 15 13 12 11 10 9 8 7 6 4 3  4.78167

328 1 5 2 34 33 32 31 30 28 27 29 26 22 21 16 17 19 20 23 24 25 18 14 15 13 12 11 10 9 8 7 6 4 3  4.78167

329 1 5 2 34 33 32 31 30 28 27 29 26 22 21 16 17 19 20 23 24 25 18 14 15 13 12 11 10 9 8 7 6 4 3  4.78167

330 1 5 2 34 33 32 31 30 28 27 29 26 22 21 16 17 19 20 23 24 25 18 14 15 13 12 11 10 9 8 7 6 4 3  4.78167

331 1 5 2 34 33 32 31 30 28 29 27 24 22 21 16 17 19 20 23 26 25 18 14 15 13 12 11 10 9 8 7 6 4 3  4.47366

332 1 5 2 34 33 32 31 30 28 29 27 24 22 21 16 17 19 20 23 26 25 18 14 15 13 12 11 10 9 8 7 6 4 3  4.47366

333 1 5 2 34 33 32 31 30 28 29 27 24 22 21 16 17 19 20 23 26 25 18 14 15 13 12 11 10 9 8 7 6 4 3  4.47366

334 1 5 2 34 33 32 31 30 28 29 27 24 22 21 16 17 19 20 23 26 25 18 14 15 13 12 11 10 9 8 7 6 4 3  4.47366

335 1 5 2 34 33 32 31 30 28 29 27 24 22 21 16 17 19 20 23 26 25 18 14 15 13 12 11 10 9 8 7 6 4 3  4.47366

336 1 5 2 34 33 32 31 30 28 29 27 24 22 21 16 17 19 20 23 26 25 18 14 15 13 12 11 10 9 8 7 6 4 3  4.47366

337 1 5 2 34 33 32 31 30 28 29 27 24 22 21 16 17 19 20 23 26 25 18 14 15 13 12 11 10 9 8 7 6 4 3  4.47366

338 1 5 2 34 33 32 31 30 28 29 27 24 22 21 16 17 19 20 23 26 25 18 14 15 13 12 11 10 9 8 7 6 4 3  4.47366

339 1 5 2 34 33 32 31 30 28 29 27 24 22 21 16 17 19 20 23 26 25 18 14 15 13 12 11 10 9 8 7 6 4 3  4.47366

340 1 5 2 34 33 32 31 30 28 29 27 24 22 21 16 17 19 20 23 26 25 18 14 15 13 12 11 10 9 8 7 6 4 3  4.47366

341 1 5 2 34 33 32 31 30 29 28 27 24 22 21 16 17 19 20 23 26 25 18 14 15 13 12 11 10 9 8 7 6 4 3  4.2857

342 1 5 2 34 33 32 31 30 29 28 27 24 22 21 16 17 19 20 23 26 25 18 14 15 13 12 11 10 9 8 7 6 4 3  4.2857

343 1 5 2 34 33 32 31 30 29 28 27 24 22 21 16 17 19 20 23 26 25 18 14 15 13 12 11 10 9 8 7 6 4 3  4.2857

344 1 5 2 34 33 32 31 30 29 28 27 24 22 21 16 17 19 20 23 26 25 18 14 15 13 12 11 10 9 8 7 6 4 3  4.2857

345 1 5 2 34 33 32 31 30 29 28 27 24 22 21 16 17 19 20 23 26 25 18 14 15 13 12 11 10 9 8 7 6 4 3  4.2857

346 1 5 2 34 33 32 31 30 29 28 27 24 22 21 16 17 19 20 23 26 25 18 14 15 13 12 11 10 9 8 7 6 4 3  4.2857

347 1 5 2 34 33 32 31 30 29 28 27 24 22 21 16 17 19 20 23 26 25 18 14 15 13 12 11 10 9 8 7 6 4 3  4.2857

348 1 5 2 34 33 32 31 30 29 28 27 24 22 21 16 17 19 20 23 26 25 18 14 15 13 12 11 10 9 8 7 6 4 3  4.2857

349 1 5 2 34 33 32 31 30 29 28 27 24 22 21 16 17 19 20 23 26 25 18 14 15 13 12 11 10 9 8 7 6 4 3  4.2857

350 1 5 2 34 33 32 31 30 29 28 27 24 22 21 16 17 19 20 23 26 25 18 14 15 13 12 11 10 9 8 7 6 4 3  4.2857

351 1 5 2 34 33 32 31 30 29 28 27 24 22 21 16 17 19 20 23 26 25 18 14 15 13 12 11 10 9 8 7 6 4 3  4.2857

352 1 5 2 34 33 32 31 30 29 28 27 24 22 21 16 17 19 20 23 26 25 18 14 15 13 12 11 10 9 8 7 6 4 3  4.2857

353 1 5 2 34 33 32 31 30 29 28 27 24 22 21 16 17 19 20 23 26 25 18 14 15 13 12 11 10 9 8 7 6 4 3  4.2857

354 1 5 2 34 33 32 31 30 29 28 27 24 22 21 16 17 19 20 23 26 25 18 14 15 13 12 11 10 9 8 7 6 4 3  4.2857

355 1 5 2 34 33 32 31 30 29 28 27 24 22 21 16 17 19 20 23 26 25 18 14 15 13 12 11 10 9 8 7 6 4 3  4.2857

356 1 5 2 34 33 32 31 30 29 28 27 24 22 21 16 17 19 20 23 26 25 18 14 15 13 12 11 10 9 8 7 6 4 3  4.2857

357 1 5 2 34 33 32 31 30 29 28 27 24 22 21 16 17 19 20 23 26 25 18 14 15 13 12 11 10 9 8 7 6 4 3  4.2857

358 1 5 2 34 33 32 31 30 29 28 27 24 22 21 16 17 19 20 23 26 25 18 14 15 13 12 11 10 9 8 7 6 4 3  4.2857

359 1 5 2 34 33 32 31 30 29 28 27 24 22 21 16 17 19 20 23 26 25 18 14 15 13 12 11 10 9 8 7 6 4 3  4.2857

360 1 5 2 34 33 32 31 30 29 28 27 24 22 21 16 17 19 20 23 26 25 18 14 15 13 12 11 10 9 8 7 6 4 3  4.2857

361 1 5 2 34 33 32 31 30 29 28 27 24 22 21 16 17 19 20 23 26 25 18 14 15 13 12 11 10 9 8 7 6 4 3  4.2857

362 1 5 2 34 33 32 31 30 29 28 27 25 22 21 16 17 19 20 23 26 24 18 14 15 13 12 11 10 9 8 7 6 4 3  4.26891

363 1 5 2 34 33 32 31 30 29 28 27 25 22 21 16 17 19 20 23 26 24 18 14 15 13 12 11 10 9 8 7 6 4 3  4.26891

364 1 5 2 34 33 32 31 30 29 28 27 25 22 21 16 17 19 20 23 26 24 18 14 15 13 12 11 10 9 8 7 6 4 3  4.26891

365 1 5 2 34 33 32 31 30 29 28 27 25 22 21 16 17 19 20 23 26 24 18 14 15 13 12 11 10 9 8 7 6 4 3  4.26891

366 1 5 2 34 33 32 31 30 29 28 27 25 22 21 16 17 19 20 23 26 24 18 14 15 13 12 11 10 9 8 7 6 4 3  4.26891

367 1 5 2 34 33 32 31 30 29 28 27 25 22 21 16 17 19 20 23 26 24 18 14 15 13 12 11 10 9 8 7 6 4 3  4.26891

368 1 5 2 34 33 32 31 30 29 28 27 25 22 21 16 17 19 20 23 26 24 18 14 15 13 12 11 10 9 8 7 6 4 3  4.26891

369 1 5 2 34 33 32 31 30 29 28 27 25 22 21 16 17 19 20 23 26 24 18 14 15 13 12 11 10 9 8 7 6 4 3  4.26891

370 1 5 2 34 33 32 31 30 29 28 27 25 22 21 16 17 19 20 23 26 24 18 14 15 13 12 11 10 9 8 7 6 4 3  4.26891

371 1 5 2 34 33 32 31 30 29 28 27 25 22 21 16 17 19 20 23 26 24 18 14 15 13 12 11 10 9 8 7 6 4 3  4.26891

372 1 5 2 34 33 32 31 30 29 28 27 25 22 21 16 17 19 20 23 26 24 18 14 15 13 12 11 10 9 8 7 6 4 3  4.26891

373 1 5 2 34 33 32 31 30 29 28 27 25 22 21 16 17 19 20 23 26 24 18 14 15 13 12 11 10 9 8 7 6 4 3  4.26891

374 1 5 2 34 33 32 31 30 29 28 27 25 22 21 16 17 19 20 23 26 24 18 14 15 13 12 11 10 9 8 7 6 4 3  4.26891

375 1 5 2 34 33 32 31 30 29 28 27 25 22 21 16 17 19 20 23 26 24 18 14 15 13 12 11 10 9 8 7 6 4 3  4.26891

376 1 5 2 34 33 32 31 30 29 28 27 25 22 21 16 17 19 20 23 26 24 18 14 15 13 12 11 10 9 8 7 6 4 3  4.26891

377 1 5 2 34 33 32 31 30 29 28 27 25 22 21 16 17 19 20 23 26 24 18 14 15 13 12 11 10 9 8 7 6 4 3  4.26891

378 1 5 2 34 33 32 31 30 29 28 27 25 22 21 16 18 19 20 23 26 24 17 14 15 13 12 11 10 9 8 7 6 4 3  4.26283

379 1 5 2 34 33 32 31 30 29 28 27 25 22 21 16 18 19 20 23 26 24 17 14 15 13 12 11 10 9 8 7 6 4 3  4.26283

380 1 5 2 34 33 32 31 30 29 28 27 25 22 21 16 18 19 20 23 26 24 17 14 15 13 12 11 10 9 8 7 6 4 3  4.26283

381 1 5 2 34 33 32 31 30 29 28 27 25 22 21 16 18 19 20 23 26 24 17 14 15 13 12 11 10 9 8 7 6 4 3  4.26283

382 1 5 2 34 33 32 31 30 29 28 27 25 22 21 16 18 19 20 23 26 24 17 14 15 13 12 11 10 9 8 7 6 4 3  4.26283

383 1 5 2 34 33 32 31 30 29 28 27 25 22 21 16 18 19 20 23 26 24 17 14 15 13 12 11 10 9 8 7 6 4 3  4.26283

384 1 5 2 34 33 32 31 30 29 28 27 25 22 21 16 18 19 20 23 26 24 17 14 15 13 12 11 10 9 8 7 6 4 3  4.26283

385 1 5 2 34 33 32 31 30 29 28 27 25 22 21 16 18 19 20 23 26 24 17 14 15 13 12 11 10 9 8 7 6 4 3  4.26283

386 1 5 2 34 33 32 31 30 29 28 27 25 22 21 16 18 19 20 23 26 24 17 14 15 13 12 11 10 9 8 7 6 4 3  4.26283

387 1 5 2 34 33 32 31 30 29 28 27 25 22 21 16 18 19 20 23 26 24 17 14 15 13 12 11 10 9 8 7 6 4 3  4.26283

388 1 5 2 34 33 32 31 30 29 28 27 25 22 21 16 18 19 20 23 26 24 17 14 15 13 12 11 10 9 8 7 6 4 3  4.26283

389 1 5 2 34 33 32 31 30 29 28 27 25 22 21 16 18 19 20 23 26 24 17 14 15 13 12 11 10 9 8 7 6 4 3  4.26283

390 1 5 2 34 33 32 31 30 29 28 27 25 22 21 16 18 19 20 23 26 24 17 14 15 13 12 11 10 9 8 7 6 4 3  4.26283

391 1 5 2 34 33 32 31 30 29 28 27 25 22 21 16 18 19 20 23 26 24 17 14 15 13 12 11 10 9 8 7 6 4 3  4.26283

392 1 5 2 34 33 32 31 30 29 28 27 25 22 21 16 18 19 20 23 26 24 17 14 15 13 12 11 10 9 8 7 6 4 3  4.26283

393 1 5 2 34 33 32 31 30 29 28 27 25 22 21 16 18 19 20 23 26 24 17 14 15 13 12 11 10 9 8 7 6 4 3  4.26283

394 1 5 2 34 33 32 31 30 29 28 27 25 22 21 16 18 19 20 23 26 24 17 14 15 13 12 11 10 9 8 7 6 4 3  4.26283

395 1 5 2 34 33 32 31 30 29 28 27 25 22 21 16 18 19 20 23 26 24 17 14 15 13 12 11 10 9 8 7 6 4 3  4.26283

396 1 5 2 34 33 32 31 30 29 28 27 25 22 21 16 18 19 20 23 26 24 17 14 15 13 12 11 10 9 8 7 6 4 3  4.26283

397 1 5 2 34 33 32 31 30 29 28 27 25 22 21 16 18 19 20 23 26 24 17 14 15 13 12 11 10 9 8 7 6 4 3  4.26283

398 1 5 2 34 33 32 31 30 29 28 27 25 22 21 16 18 19 20 23 26 24 17 14 15 13 12 11 10 9 8 7 6 4 3  4.26283

399 1 5 2 34 33 32 31 30 29 28 27 25 22 21 16 18 19 20 23 26 24 17 14 15 13 12 11 10 9 8 7 6 4 3  4.26283

400 1 5 2 34 33 32 31 30 29 28 27 25 22 21 16 18 19 20 23 26 24 17 14 15 13 12 11 10 9 8 7 6 4 3  4.26283

401 1 5 2 34 33 32 31 30 29 28 27 25 22 21 16 18 19 20 23 26 24 17 14 15 13 12 11 10 9 8 7 6 4 3  4.26283

402 1 5 2 34 33 32 31 30 29 28 27 25 22 21 16 18 19 20 23 26 24 17 14 15 13 12 11 10 9 8 7 6 4 3  4.26283

403 1 5 2 34 33 32 31 30 29 28 27 25 22 21 16 18 19 20 23 26 24 17 14 15 13 12 11 10 9 8 7 6 4 3  4.26283

404 1 5 2 34 33 32 31 30 29 28 27 25 22 20 16 18 19 21 23 26 24 17 14 15 13 12 11 10 9 8 7 6 4 3  4.17605

405 1 5 2 34 33 32 31 30 29 28 27 25 22 20 16 18 19 21 23 26 24 17 14 15 13 12 11 10 9 8 7 6 4 3  4.17605

406 1 5 2 34 33 32 31 30 29 28 27 25 22 20 16 18 19 21 23 26 24 17 14 15 13 12 11 10 9 8 7 6 4 3  4.17605

407 1 5 2 34 33 32 31 30 29 28 27 25 22 20 16 18 19 21 23 26 24 17 14 15 13 12 11 10 9 8 7 6 4 3  4.17605

408 1 5 2 34 33 32 31 30 29 28 27 25 22 21 16 18 19 20 23 26 24 17 15 13 14 12 11 10 9 8 7 6 4 3  4.13561

409 1 5 2 34 33 32 31 30 29 28 27 25 22 21 16 18 19 20 23 26 24 17 15 13 14 12 11 10 9 8 7 6 4 3  4.13561

410 1 5 2 34 33 32 31 30 29 28 27 25 22 21 16 18 19 20 23 26 24 17 15 13 14 12 11 10 9 8 7 6 4 3  4.13561

411 1 5 2 34 33 32 31 30 29 28 27 25 22 21 16 18 19 20 23 26 24 17 15 13 14 12 11 10 9 8 7 6 4 3  4.13561

412 1 5 2 34 33 32 31 30 29 28 27 25 22 21 16 18 19 20 23 26 24 17 15 13 14 12 11 10 9 8 7 6 4 3  4.13561

413 1 5 2 34 33 32 31 30 29 28 27 25 22 21 16 18 19 20 23 26 24 17 15 13 14 12 11 10 9 8 7 6 4 3  4.13561

414 1 5 2 34 33 32 31 30 29 28 27 25 22 21 16 18 19 20 23 26 24 17 15 13 14 12 11 10 9 8 7 6 4 3  4.13561

415 1 5 2 34 33 32 31 30 29 28 27 25 22 21 16 18 19 20 23 26 24 17 15 13 14 12 11 10 9 8 7 6 4 3  4.13561

416 1 5 2 34 33 32 31 30 29 28 27 25 22 21 16 18 19 20 23 26 24 17 15 13 14 12 11 10 9 8 7 6 4 3  4.13561

417 1 5 2 34 33 32 31 30 29 28 27 25 22 21 16 18 19 20 23 26 24 17 15 13 14 12 11 10 9 8 7 6 4 3  4.13561

418 1 5 2 34 33 32 31 30 29 28 27 25 22 21 23 26 24 20 16 18 19 17 14 15 13 12 11 10 9 8 7 6 4 3  3.74778

419 1 5 2 34 33 32 31 30 29 28 27 25 22 21 23 26 24 20 16 18 19 17 14 15 13 12 11 10 9 8 7 6 4 3  3.74778

420 1 5 2 34 33 32 31 30 29 28 27 25 22 21 23 26 24 20 16 18 19 17 14 15 13 12 11 10 9 8 7 6 4 3  3.74778

421 1 5 2 34 33 32 31 30 29 28 27 25 22 21 23 26 24 20 16 18 19 17 14 15 13 12 11 10 9 8 7 6 4 3  3.74778

422 1 5 2 34 33 32 31 30 29 28 27 25 22 21 23 26 24 20 16 18 19 17 14 15 13 12 11 10 9 8 7 6 4 3  3.74778

423 1 5 2 34 33 32 31 30 29 28 27 25 22 21 23 26 24 20 16 18 19 17 14 15 13 12 11 10 9 8 7 6 4 3  3.74778

424 1 5 2 34 33 32 31 30 29 28 27 25 22 21 23 26 24 20 16 18 19 17 14 15 13 12 11 10 9 8 7 6 4 3  3.74778

425 1 5 2 34 33 32 31 30 29 28 27 25 22 21 23 26 24 20 16 18 19 17 14 15 13 12 11 10 9 8 7 6 4 3  3.74778

426 1 5 2 34 33 32 31 30 29 28 27 25 22 21 23 26 24 20 16 18 19 17 14 15 13 12 11 10 9 8 7 6 4 3  3.74778

427 1 5 2 34 33 32 31 30 29 28 27 25 22 21 23 26 24 20 16 18 19 17 14 15 13 12 11 10 9 8 7 6 4 3  3.74778

428 1 5 2 34 33 32 31 30 29 28 27 25 22 21 23 26 24 20 16 18 19 17 14 15 13 12 11 10 9 8 7 6 4 3  3.74778

429 1 5 2 34 33 32 31 30 29 28 27 25 22 21 23 26 24 20 16 18 19 17 14 15 13 12 11 10 9 8 7 6 4 3  3.74778

430 1 5 2 34 33 32 31 30 29 28 27 25 22 21 23 26 24 20 16 18 19 17 14 15 13 12 11 10 9 8 7 6 4 3  3.74778

431 1 5 2 34 33 32 31 30 29 28 27 25 22 21 23 26 24 20 16 18 19 17 14 15 13 12 11 10 9 8 7 6 4 3  3.74778

432 1 5 2 34 33 32 31 30 29 28 27 25 22 21 23 26 24 20 16 18 19 17 14 15 13 12 11 10 9 8 7 6 4 3  3.74778

433 1 5 2 34 33 32 31 30 29 28 27 25 22 21 23 26 24 20 16 18 19 17 14 15 13 12 11 10 9 8 7 6 4 3  3.74778

434 1 5 2 34 33 32 31 30 29 28 27 25 22 21 23 26 24 20 16 18 19 17 14 15 13 12 11 10 9 8 7 6 4 3  3.74778

435 1 5 2 34 33 32 31 30 29 28 27 25 22 21 23 26 24 20 16 18 19 17 14 15 13 12 11 10 9 8 7 6 4 3  3.74778

436 1 5 2 34 33 32 31 30 29 28 27 25 22 21 23 26 24 20 16 18 19 17 14 15 13 12 11 10 9 8 7 6 4 3  3.74778

437 1 5 2 34 33 32 31 30 29 28 27 25 22 21 23 26 24 20 16 18 19 17 14 15 13 12 11 10 9 8 7 6 4 3  3.74778

438 1 5 2 34 33 32 31 30 29 28 27 25 22 21 23 26 24 20 16 18 19 17 14 15 13 12 11 10 9 8 7 6 4 3  3.74778

439 1 5 2 34 33 32 31 30 29 28 27 25 22 21 23 26 24 20 16 18 19 17 14 15 13 12 11 10 9 8 7 6 4 3  3.74778

440 1 5 2 34 33 32 31 30 29 28 27 25 22 21 23 26 24 20 16 18 19 17 14 15 13 12 11 10 9 8 7 6 4 3  3.74778

441 1 5 2 34 33 32 31 30 29 28 27 25 22 21 23 26 24 20 16 18 19 17 14 15 13 12 11 10 9 8 7 6 4 3  3.74778

442 1 5 2 34 33 32 31 30 29 28 27 25 22 21 23 26 24 20 16 18 19 17 14 15 13 12 11 10 9 8 7 6 4 3  3.74778

443 1 5 2 34 33 32 31 30 29 28 27 25 22 21 23 26 24 20 16 18 19 17 14 15 13 12 11 10 9 8 7 6 4 3  3.74778

444 1 5 2 34 33 32 31 30 29 28 27 25 22 21 23 26 24 20 16 18 19 17 14 15 13 12 11 10 9 8 7 6 4 3  3.74778

445 1 5 2 34 33 32 31 30 29 28 27 25 22 21 23 26 24 20 16 18 19 17 14 15 13 12 11 10 9 8 7 6 4 3  3.74778

446 1 5 2 34 33 32 31 30 29 28 27 25 22 21 23 26 24 20 16 18 19 17 14 15 13 12 11 10 9 8 7 6 4 3  3.74778

447 1 5 2 34 33 32 31 30 29 28 27 25 22 21 23 26 24 20 16 18 19 17 14 15 13 12 11 10 9 8 7 6 4 3  3.74778

448 1 5 2 34 33 32 31 30 29 28 27 25 22 21 23 26 24 20 16 18 19 17 14 15 13 12 11 10 9 8 7 6 4 3  3.74778

449 1 5 2 34 33 32 31 30 29 28 27 25 22 21 23 26 24 20 16 18 19 17 14 15 13 12 11 10 9 8 7 6 4 3  3.74778

450 1 5 2 34 33 32 31 30 29 28 27 25 22 21 23 26 24 20 16 18 19 17 14 15 13 12 11 10 9 8 7 6 4 3  3.74778

451 1 5 2 34 33 32 31 30 29 28 27 25 22 21 23 26 24 20 16 18 19 17 14 15 13 12 11 10 9 8 7 6 4 3  3.74778

452 1 5 2 34 33 32 31 30 29 28 27 25 22 21 23 26 24 20 16 18 19 17 14 15 13 12 11 10 9 8 7 6 4 3  3.74778

453 1 5 2 34 33 32 31 30 29 28 27 25 22 21 23 26 24 20 16 18 19 17 14 15 13 12 11 10 9 8 7 6 4 3  3.74778

454 1 5 2 34 33 32 31 30 29 28 27 25 22 21 23 26 24 20 16 18 19 17 14 15 13 12 11 10 9 8 7 6 4 3  3.74778

455 1 3 2 34 33 32 31 30 29 28 27 25 22 21 23 26 24 20 16 18 19 17 14 15 13 12 11 10 9 8 7 6 4 5  3.50862

456 1 3 2 34 33 32 31 30 29 28 27 25 22 21 23 26 24 20 16 18 19 17 14 15 13 12 11 10 9 8 7 6 4 5  3.50862

457 1 3 2 34 33 32 31 30 29 28 27 25 22 21 23 26 24 20 16 18 19 17 14 15 13 12 11 10 9 8 7 6 4 5  3.50862

458 1 3 2 34 33 32 31 30 29 28 27 25 22 21 23 26 24 20 16 18 19 17 14 15 13 12 11 10 9 8 7 6 4 5  3.50862

459 1 3 2 34 33 32 31 30 29 28 27 25 22 21 23 26 24 20 16 18 19 17 14 15 13 12 11 10 9 8 7 6 4 5  3.50862

460 1 3 2 34 33 32 31 30 29 28 27 25 22 21 23 26 24 20 16 18 19 17 14 15 13 12 11 10 9 8 7 6 4 5  3.50862

461 1 3 2 34 33 32 31 30 29 28 27 25 22 21 23 26 24 20 16 18 19 17 14 15 13 12 11 10 9 8 7 6 4 5  3.50862

462 1 3 2 34 33 32 31 30 29 28 27 25 22 21 23 26 24 20 16 18 19 17 14 15 13 12 11 10 9 8 7 6 4 5  3.50862

463 1 3 2 34 33 32 31 30 29 28 27 25 22 21 23 26 24 20 16 18 19 17 14 15 13 12 11 10 9 8 7 6 4 5  3.50862

464 1 3 2 34 33 32 31 30 29 28 27 25 22 21 23 26 24 20 16 18 19 17 14 15 13 12 11 10 9 8 7 6 4 5  3.50862

465 1 3 2 34 33 32 31 30 29 28 27 25 22 21 23 26 24 20 16 18 19 17 14 15 13 12 11 10 9 8 7 6 4 5  3.50862

466 1 3 2 34 33 32 31 30 29 28 27 25 22 21 23 26 24 20 16 18 19 17 14 15 13 12 11 10 9 8 7 6 4 5  3.50862

467 1 3 2 34 33 32 31 30 29 28 27 25 22 21 23 26 24 20 16 18 19 17 14 15 13 12 11 10 9 8 7 6 4 5  3.50862

468 1 3 2 34 33 32 31 30 29 28 27 25 22 21 23 26 24 20 16 18 19 17 14 15 13 12 11 10 9 8 7 6 4 5  3.50862

469 1 3 2 34 33 32 31 30 29 28 27 25 22 21 23 26 24 20 16 18 19 17 14 15 13 12 11 10 9 8 7 6 5 4  3.30774

470 1 3 2 34 33 32 31 30 29 28 27 25 22 21 23 26 24 20 16 18 19 17 14 15 13 12 11 10 9 8 7 6 5 4  3.30774

471 1 3 2 34 33 32 31 30 29 28 27 25 22 21 23 26 24 20 16 18 19 17 14 15 13 12 11 10 9 8 7 6 5 4  3.30774

472 1 3 2 34 33 32 31 30 29 28 27 25 22 21 23 26 24 20 16 18 19 17 14 15 13 12 11 10 9 8 7 6 5 4  3.30774

473 1 3 2 34 33 32 31 30 29 28 27 25 22 21 23 26 24 20 16 18 19 17 14 15 13 12 11 10 9 8 7 6 5 4  3.30774

474 1 3 2 34 33 32 31 30 29 28 27 25 22 21 23 26 24 20 16 18 19 17 14 15 13 12 11 10 9 8 7 6 5 4  3.30774

475 1 3 2 34 33 32 31 30 29 28 27 25 22 21 23 26 24 20 16 18 19 17 14 15 13 12 11 10 9 8 7 6 5 4  3.30774

476 1 3 2 34 33 32 31 30 29 28 27 25 22 21 23 26 24 20 16 18 19 17 14 15 13 12 11 10 9 8 7 6 5 4  3.30774

477 1 3 2 34 33 32 31 30 29 28 27 26 24 21 23 25 22 20 16 18 19 17 14 15 13 12 11 10 9 8 7 6 5 4  3.05772

478 1 3 2 34 33 32 31 30 29 28 27 26 24 21 23 25 22 20 16 18 19 17 14 15 13 12 11 10 9 8 7 6 5 4  3.05772

479 1 3 2 34 33 32 31 30 29 28 27 26 24 21 23 25 22 20 16 18 19 17 14 15 13 12 11 10 9 8 7 6 5 4  3.05772

480 1 3 2 34 33 32 31 30 29 28 27 26 24 21 23 25 22 20 16 18 19 17 14 15 13 12 11 10 9 8 7 6 5 4  3.05772

481 1 3 2 34 33 32 31 30 29 28 27 26 24 21 23 25 22 20 16 18 19 17 14 15 13 12 11 10 9 8 7 6 5 4  3.05772

482 1 3 2 34 33 32 31 30 29 28 27 26 24 21 23 25 22 20 16 18 19 17 14 15 13 12 11 10 9 8 7 6 5 4  3.05772

483 1 3 2 34 33 32 31 30 29 28 27 26 24 21 23 25 22 20 16 18 19 17 14 15 13 12 11 10 9 8 7 6 5 4  3.05772

484 1 3 2 34 33 32 31 30 29 28 27 26 24 21 23 25 22 20 16 18 19 17 14 15 13 12 11 10 9 8 7 6 5 4  3.05772

485 1 3 2 34 33 32 31 30 29 28 27 26 24 21 23 25 22 20 16 18 19 17 14 15 13 12 11 10 9 8 7 6 5 4  3.05772

486 1 3 2 34 33 32 31 30 29 28 27 26 24 21 23 25 22 20 16 18 19 17 14 15 13 12 11 10 9 8 7 6 5 4  3.05772

487 1 3 2 34 33 32 31 30 29 28 27 26 24 21 23 25 22 20 16 18 19 17 14 15 13 12 11 10 9 8 7 6 5 4  3.05772

488 1 3 2 34 33 32 31 30 29 28 27 26 24 21 23 25 22 20 16 18 19 17 14 15 13 12 11 10 9 8 7 6 5 4  3.05772

489 1 3 2 34 33 32 31 30 29 28 27 26 24 21 23 25 22 20 16 18 19 17 14 15 13 12 11 10 9 8 7 6 5 4  3.05772

490 1 3 2 34 33 32 31 30 29 28 27 26 24 21 23 25 22 20 16 18 19 17 14 15 13 12 11 10 9 8 7 6 5 4  3.05772

491 1 3 2 34 33 32 31 30 29 28 27 26 24 21 23 25 22 20 16 18 19 17 14 15 13 12 11 10 9 8 7 6 5 4  3.05772

492 1 3 2 34 33 32 31 30 29 28 27 26 24 21 23 25 22 20 16 18 19 17 14 15 13 12 11 10 9 8 7 6 5 4  3.05772

493 1 3 2 34 33 32 31 30 29 28 27 26 24 21 23 25 22 20 16 18 19 17 14 15 13 12 11 10 9 8 7 6 5 4  3.05772

494 1 3 2 34 33 32 31 30 29 28 27 26 24 21 23 25 22 20 16 18 19 17 14 15 13 12 11 10 9 8 7 6 5 4  3.05772

495 1 3 2 34 33 32 31 30 29 28 27 26 24 21 23 25 22 20 16 18 19 17 14 15 13 12 11 10 9 8 7 6 5 4  3.05772

496 1 3 2 34 33 32 31 30 29 28 27 26 24 21 23 25 22 20 16 18 19 17 14 15 13 12 11 10 9 8 7 6 5 4  3.05772

497 1 3 2 34 33 32 31 30 29 28 27 26 24 21 23 25 22 20 16 18 19 17 14 15 13 12 11 10 9 8 7 6 5 4  3.05772

498 1 3 2 34 33 32 31 30 29 28 27 26 24 21 23 25 22 20 16 18 19 17 14 15 13 12 11 10 9 8 7 6 5 4  3.05772

499 1 3 2 34 33 32 31 30 29 28 27 26 24 21 23 25 22 20 16 18 19 17 14 15 13 12 11 10 9 8 7 6 5 4  3.05772

500 1 3 2 34 33 32 31 30 29 28 27 26 24 21 23 25 22 20 16 18 19 17 14 15 13 12 11 10 9 8 7 6 5 4  3.05772

