#Generazione: Individuo: Fitness:
1 1 26 10 21 7 19 2 3 32 20 4 9 12 31 22 18 34 5 8 27 16 17 11 25 6 33 13 14 29 23 15 30 24 28  7.5895
2 1 26 10 21 7 19 2 3 32 20 4 9 12 31 22 18 34 5 8 27 16 17 11 25 6 33 13 14 29 23 15 30 24 28  7.5895
3 1 26 10 21 7 31 12 9 32 20 4 3 2 19 22 18 34 5 8 27 16 17 11 25 6 33 13 14 29 23 15 30 24 28  7.38123
4 1 33 11 9 28 23 4 27 31 12 16 2 24 32 30 22 3 26 34 19 18 17 21 6 20 7 10 14 5 8 25 15 13 29  7.34597
5 1 26 10 21 7 19 2 3 32 20 4 9 12 31 22 18 34 5 8 29 14 13 11 25 6 33 17 16 27 15 23 30 24 28  7.07143
6 1 26 10 21 7 19 2 3 32 20 4 9 12 31 22 18 34 5 8 29 14 13 11 25 6 33 17 16 27 15 23 30 24 28  7.07143
7 1 26 21 7 19 2 3 32 20 4 9 12 31 22 18 34 5 8 27 16 17 11 25 6 33 13 14 29 23 15 30 24 28 10  6.99915
8 1 26 21 7 19 2 3 32 20 4 9 12 31 22 18 34 5 8 27 16 17 11 25 6 33 13 14 29 23 15 30 24 28 10  6.99915
9 1 26 21 7 19 2 3 32 20 4 9 12 31 22 18 34 5 8 27 16 17 11 25 6 33 13 14 29 23 15 30 24 28 10  6.99915
10 1 26 10 21 7 31 12 9 32 20 4 3 2 30 15 23 29 14 13 27 16 17 11 25 6 33 8 5 34 18 22 19 24 28  6.41568
11 1 26 10 21 7 31 12 9 32 20 4 3 2 30 15 23 29 14 13 27 16 17 11 25 6 33 8 5 34 18 22 19 24 28  6.41568
12 1 26 10 21 7 31 12 9 32 20 4 3 2 30 15 23 29 14 13 27 16 17 11 25 6 33 8 5 34 18 22 19 24 28  6.41568
13 1 26 10 21 7 31 12 9 32 20 4 3 2 30 15 23 29 14 13 27 16 17 11 25 6 33 8 5 34 18 22 19 24 28  6.41568
14 1 26 10 21 7 31 12 9 32 20 4 3 2 30 15 23 29 14 13 27 16 17 11 25 6 33 8 5 34 18 22 19 24 28  6.41568
15 1 26 10 21 7 31 12 9 32 20 4 3 2 30 15 23 29 14 13 27 16 17 11 25 6 33 8 5 34 18 22 19 24 28  6.41568
16 1 26 10 21 7 31 12 9 32 20 4 3 2 30 15 23 29 14 13 27 16 17 11 25 6 33 8 5 34 18 24 28 22 19  5.96014
17 1 26 10 21 7 31 12 9 32 20 4 3 2 30 15 23 29 14 13 27 16 17 11 25 6 33 8 5 34 18 24 28 22 19  5.96014
18 1 26 10 21 7 31 12 9 32 20 4 3 2 30 15 23 29 14 13 27 16 17 11 25 6 33 8 5 34 18 24 28 22 19  5.96014
19 1 26 10 21 7 31 12 9 32 20 4 3 2 30 15 23 29 14 13 27 16 17 11 25 6 33 8 5 34 18 24 28 22 19  5.96014
20 1 26 10 21 7 31 12 9 32 20 4 3 2 30 15 23 29 14 13 27 16 17 11 25 6 33 8 5 34 18 24 28 22 19  5.96014
21 1 26 10 21 7 31 12 9 32 20 4 3 2 30 15 13 29 14 23 27 16 17 11 25 6 33 8 5 34 18 22 24 28 19  5.83565
22 1 26 10 23 27 16 17 11 25 6 33 8 5 34 18 22 24 28 21 7 31 12 9 32 20 4 3 2 30 15 13 29 14 19  5.54881
23 1 26 10 23 27 16 17 11 25 6 33 8 5 34 18 22 24 28 21 7 31 12 9 32 20 4 3 2 30 15 13 29 14 19  5.54881
24 1 26 10 23 27 16 17 11 25 6 33 8 5 34 18 22 24 28 21 7 31 12 9 32 20 4 3 2 30 15 13 29 14 19  5.54881
25 1 26 10 23 27 16 17 11 25 6 33 8 5 34 18 22 24 30 2 3 4 12 9 32 20 31 7 21 28 15 13 29 14 19  5.50211
26 1 26 10 23 27 16 17 11 25 6 33 8 5 34 18 22 24 30 2 3 4 12 9 32 20 31 7 21 28 15 13 29 14 19  5.50211
27 1 26 10 23 27 16 17 11 25 6 33 8 5 34 18 22 24 30 2 3 4 12 9 32 20 31 7 21 28 15 13 29 14 19  5.50211
28 1 26 10 21 7 31 12 9 32 20 4 3 2 5 8 33 6 25 23 27 17 11 14 29 13 15 30 34 18 22 19 24 28 16  5.45357
29 1 26 16 23 27 10 17 11 25 6 33 8 5 34 18 22 24 30 2 3 4 12 9 32 20 31 7 21 28 15 13 29 14 19  5.22756
30 1 26 16 23 27 10 17 11 25 6 33 8 5 34 18 22 24 30 2 3 4 12 9 32 20 31 7 21 28 15 13 29 14 19  5.22756
31 1 26 16 23 27 10 17 11 25 6 33 8 5 34 18 22 24 30 2 3 4 12 9 32 20 31 7 21 28 15 13 29 14 19  5.22756
32 1 16 26 23 27 10 17 11 25 6 33 8 5 34 18 22 24 30 2 3 4 12 9 32 20 31 7 21 28 15 13 29 14 19  5.02186
33 1 34 10 23 27 16 17 11 25 6 33 8 5 26 18 22 24 30 2 3 4 12 9 32 20 31 7 21 28 15 13 29 14 19  4.9101
34 1 34 10 23 27 16 17 11 25 6 33 8 5 26 18 22 24 30 2 3 4 12 9 32 20 31 7 21 28 15 13 29 14 19  4.9101
35 1 34 10 23 27 16 17 11 25 6 33 8 5 26 18 22 24 30 2 3 4 12 9 32 20 31 7 21 28 15 13 29 14 19  4.9101
36 1 34 10 23 27 16 17 11 25 6 33 8 5 26 18 22 24 30 2 3 4 12 9 32 20 31 7 21 28 15 13 29 14 19  4.9101
37 1 34 29 23 27 16 17 11 25 6 33 8 5 26 18 22 24 30 2 3 4 12 9 32 20 31 7 21 28 15 13 10 14 19  4.72555
38 1 34 29 23 27 16 17 11 25 6 33 8 5 26 18 2 3 4 12 9 32 20 31 7 21 28 30 22 24 15 13 10 14 19  4.54212
39 1 34 29 23 27 16 17 11 25 6 33 8 5 26 18 2 3 4 12 9 32 20 31 7 21 28 30 22 24 15 13 10 14 19  4.54212
40 1 34 29 23 27 16 17 11 25 6 33 8 5 26 18 2 3 4 12 9 32 20 31 7 21 28 30 22 24 15 13 10 14 19  4.54212
41 1 34 29 11 27 16 17 23 25 6 33 8 5 26 18 2 3 4 12 9 32 20 31 7 21 28 30 22 24 15 13 10 14 19  4.53512
42 1 34 29 11 27 16 17 23 25 6 33 8 5 26 18 2 3 4 12 9 32 20 31 7 21 28 30 22 24 15 13 10 14 19  4.53512
43 1 34 29 11 27 16 17 23 25 6 33 8 5 26 18 2 3 4 12 9 32 20 31 7 21 28 30 22 24 15 13 10 14 19  4.53512
44 1 34 29 11 27 16 17 23 25 6 33 8 5 26 18 2 3 4 12 9 32 20 31 7 21 28 30 22 24 15 13 10 14 19  4.53512
45 1 34 29 11 27 16 17 23 25 6 33 8 5 26 18 2 3 4 12 9 32 20 31 7 21 28 30 22 24 15 13 10 14 19  4.53512
46 1 34 29 23 27 16 17 4 12 9 32 20 31 7 21 28 30 11 25 6 33 8 5 26 18 2 3 22 24 15 13 10 14 19  4.52343
47 1 34 17 11 27 16 29 23 25 6 33 8 5 26 18 2 3 4 12 9 32 20 31 7 21 28 30 22 24 15 13 10 14 19  4.12986
48 1 34 17 11 27 16 29 23 25 6 33 8 5 26 18 2 3 4 12 9 32 20 31 7 21 28 30 22 24 15 13 10 14 19  4.12986
49 1 34 17 11 27 16 29 23 25 6 33 8 5 26 18 2 3 4 12 9 32 20 31 7 21 28 30 22 24 15 13 10 14 19  4.12986
50 1 34 17 11 27 16 29 23 25 6 33 8 5 26 18 2 3 4 12 9 32 20 31 7 21 28 30 22 24 15 13 10 14 19  4.12986
51 1 34 5 26 18 2 3 4 12 9 32 20 17 11 27 16 29 23 25 6 33 8 31 7 21 28 30 22 24 15 13 10 14 19  3.72398
52 1 34 5 26 18 2 3 4 12 9 32 20 17 11 27 16 29 23 25 6 33 8 31 7 21 28 30 22 24 15 13 10 14 19  3.72398
53 1 34 5 26 18 2 3 4 12 9 32 20 17 11 27 23 29 16 25 6 33 8 31 7 21 28 30 22 24 15 13 10 14 19  3.70191
54 1 34 5 26 18 2 3 4 12 9 32 20 17 11 27 23 29 16 25 6 33 8 31 7 21 28 30 22 24 15 13 10 14 19  3.70191
55 1 34 5 26 18 2 3 4 12 9 32 20 17 11 27 23 29 16 25 6 33 8 31 7 21 28 30 22 24 15 13 10 14 19  3.70191
56 1 23 29 16 25 6 33 8 31 7 21 28 30 22 24 34 5 26 18 2 3 4 12 9 32 20 17 11 27 15 13 10 14 19  3.45376
57 1 23 29 16 25 6 33 8 31 7 21 28 30 22 24 34 5 26 18 2 3 4 12 9 32 20 17 11 27 15 13 10 14 19  3.45376
58 1 23 29 16 25 6 33 8 31 7 21 28 30 22 24 34 5 26 18 2 3 4 12 9 32 20 17 11 27 15 13 10 14 19  3.45376
59 1 23 29 16 25 6 33 8 31 7 21 28 30 22 24 34 5 26 18 2 3 4 12 9 32 20 17 11 27 15 13 10 14 19  3.45376
60 1 23 29 16 25 31 33 8 6 7 21 28 30 22 24 34 5 26 18 2 3 4 12 9 32 20 17 11 27 15 13 10 14 19  3.4179
61 1 34 5 26 18 2 3 4 12 9 32 20 17 11 27 7 21 28 30 22 24 15 13 10 14 16 25 6 33 8 31 23 29 19  3.14205
62 1 34 5 26 18 2 3 4 12 9 32 20 17 11 27 7 21 28 30 22 24 15 13 10 16 25 6 33 8 31 23 14 29 19  3.12185
63 1 34 5 26 18 2 3 4 12 9 32 20 17 11 27 7 21 28 30 22 24 15 13 10 16 25 6 33 8 31 23 14 29 19  3.12185
64 1 34 5 26 18 2 3 4 12 9 32 20 17 11 27 7 21 28 30 22 24 15 13 10 16 25 6 33 8 31 23 14 29 19  3.12185
65 1 34 5 26 18 2 3 4 12 9 32 20 17 11 27 7 21 28 30 22 24 15 13 10 16 25 6 33 8 31 23 14 29 19  3.12185
66 1 34 5 26 18 2 3 4 12 9 32 20 17 11 27 7 21 28 30 22 24 15 13 10 16 25 6 33 8 31 23 14 29 19  3.12185
67 1 34 5 26 18 2 3 4 12 9 32 20 17 11 27 7 21 28 30 22 24 15 10 13 16 25 6 33 8 31 23 14 29 19  3.08416
68 1 34 5 26 18 2 3 4 12 9 32 20 17 11 27 7 21 28 30 22 24 15 10 13 16 25 6 33 8 31 23 14 29 19  3.08416
69 1 34 5 26 18 2 3 4 12 9 32 20 17 11 27 7 21 28 30 22 24 15 10 13 16 25 6 33 8 31 23 14 29 19  3.08416
70 1 34 5 26 18 2 3 4 12 9 32 20 17 11 27 7 21 28 30 22 24 15 10 13 16 25 6 33 8 31 23 14 29 19  3.08416
71 1 34 5 26 18 2 3 4 12 9 32 20 17 11 27 7 21 28 15 13 10 16 25 6 30 22 24 33 8 31 23 14 29 19  3.0606
72 1 34 5 26 18 2 3 4 12 9 32 20 17 11 27 7 21 28 15 13 10 16 25 6 30 22 24 33 8 31 23 14 29 19  3.0606
73 1 34 5 26 18 2 3 4 12 9 32 20 17 11 27 7 21 28 15 13 10 16 25 6 30 22 24 33 8 31 23 14 29 19  3.0606
74 1 34 5 26 18 2 3 4 12 9 32 20 17 11 27 7 21 28 15 13 10 16 25 6 30 22 24 33 8 31 23 14 29 19  3.0606
75 1 34 5 26 18 2 3 4 12 9 32 20 17 11 27 7 21 28 15 13 10 16 25 6 30 22 24 33 8 31 23 14 29 19  3.0606
76 1 34 5 26 18 2 3 4 12 9 32 20 17 11 27 7 21 28 15 13 10 16 25 6 30 22 24 33 8 31 23 14 29 19  3.0606
77 1 34 5 26 18 2 3 4 12 9 32 20 17 11 27 7 21 28 15 13 10 16 25 6 30 22 24 33 8 31 23 14 29 19  3.0606
78 1 34 5 26 18 2 3 4 12 9 32 20 17 11 27 7 21 28 15 13 10 16 25 6 30 22 24 33 8 31 23 14 29 19  3.0606
79 1 34 5 26 18 2 3 4 12 9 32 20 17 11 27 7 21 28 15 13 10 16 25 6 30 22 24 33 8 31 23 14 29 19  3.0606
80 1 34 5 26 18 2 3 4 12 9 32 20 17 11 27 7 21 28 15 13 10 16 25 6 30 22 24 33 8 31 23 14 29 19  3.0606
81 1 34 5 26 18 2 3 4 12 9 32 20 17 11 27 7 21 28 15 13 10 16 25 6 30 22 24 33 8 31 23 14 29 19  3.0606
82 1 34 5 26 18 2 3 4 12 9 32 20 17 11 27 7 21 28 15 13 10 16 25 6 30 22 24 33 8 31 23 14 29 19  3.0606
83 1 34 5 26 18 2 3 4 12 9 32 20 17 11 27 7 21 28 15 13 10 16 25 6 30 22 24 33 8 31 23 14 29 19  3.0606
84 1 34 5 26 18 2 3 4 12 9 32 20 17 11 28 7 21 27 15 13 10 16 25 6 30 22 24 33 8 31 23 14 29 19  2.9999
85 1 34 5 26 18 2 3 4 12 9 32 20 17 11 28 7 21 27 15 13 10 16 25 6 30 22 24 33 8 31 23 14 29 19  2.9999
86 1 34 5 26 18 2 3 4 12 9 32 20 17 11 27 7 21 28 15 13 10 16 25 6 30 22 24 33 8 31 23 19 29 14  2.95471
87 1 34 5 26 18 2 3 4 12 9 32 20 17 11 27 7 21 28 15 13 10 16 25 6 30 22 24 33 8 31 23 19 29 14  2.95471
88 1 34 5 26 18 2 3 4 12 9 32 20 17 11 27 7 21 28 15 13 10 16 25 6 30 22 24 33 8 31 23 19 29 14  2.95471
89 1 34 5 26 18 2 3 4 12 9 32 20 17 11 27 7 21 28 15 13 10 16 25 6 30 22 24 33 8 31 23 19 29 14  2.95471
90 1 34 5 26 18 2 3 4 12 9 32 20 17 11 27 7 21 28 15 13 10 16 25 6 30 22 24 33 8 31 23 19 29 14  2.95471
91 1 34 5 26 18 2 3 4 12 9 32 20 17 11 27 7 21 28 15 13 10 16 25 6 30 31 8 33 24 22 23 19 29 14  2.89473
92 1 34 5 26 18 2 3 4 12 9 32 20 17 11 27 7 21 28 15 13 10 16 25 6 30 31 8 33 24 22 23 19 29 14  2.89473
93 1 34 5 26 18 2 3 4 12 9 32 20 17 11 27 7 21 28 15 13 10 16 25 6 30 31 8 33 24 22 23 19 29 14  2.89473
94 1 34 5 26 18 2 3 4 12 9 32 20 17 11 27 7 21 28 15 13 10 16 25 6 30 31 8 33 24 22 23 19 29 14  2.89473
95 1 34 5 26 18 2 3 4 12 9 32 20 17 11 27 7 21 28 15 13 10 16 25 6 30 31 8 33 24 22 23 19 29 14  2.89473
96 1 34 5 26 18 2 3 4 12 9 32 20 17 11 27 7 21 28 15 13 10 16 25 6 30 31 8 33 24 22 23 19 29 14  2.89473
97 1 34 5 26 18 2 3 4 12 9 32 20 17 11 27 7 21 28 15 13 10 16 25 6 30 31 8 33 24 22 23 19 29 14  2.89473
98 1 34 5 26 18 2 3 4 12 9 32 20 17 11 27 7 21 28 15 13 10 16 25 6 30 31 33 8 24 22 23 19 29 14  2.79854
99 1 34 5 26 18 2 3 4 12 9 32 20 17 11 27 7 21 28 15 13 10 16 25 6 30 31 33 8 24 22 23 19 29 14  2.79854
100 1 34 5 26 18 2 3 4 12 9 32 20 17 11 27 7 21 28 15 13 10 16 25 6 30 31 33 8 24 22 23 19 29 14  2.79854
101 1 34 5 26 18 2 3 4 12 9 32 20 17 11 27 7 21 28 15 13 10 16 25 6 30 31 33 8 24 22 23 19 29 14  2.79854
102 1 34 5 26 18 2 3 4 12 9 32 20 17 11 27 7 21 28 15 13 10 16 25 6 30 31 33 8 24 22 23 19 29 14  2.79854
103 1 34 5 26 18 2 3 4 12 9 32 20 17 11 27 7 21 28 15 13 10 16 25 6 30 31 33 8 24 22 23 19 29 14  2.79854
104 1 34 5 26 18 2 3 4 12 9 32 20 17 11 27 7 21 28 15 13 10 16 25 6 30 31 33 8 24 22 23 19 29 14  2.79854
105 1 34 5 26 18 2 3 4 12 9 32 20 17 11 27 7 21 28 15 13 10 16 22 24 8 31 33 30 6 25 23 19 29 14  2.79404
106 1 34 5 26 18 2 3 4 12 9 32 20 30 11 27 7 21 28 15 13 10 16 25 6 17 31 33 8 24 22 23 19 29 14  2.60995
107 1 34 5 26 18 2 3 4 12 9 32 20 30 11 27 7 21 28 15 13 10 16 25 6 17 31 33 8 24 22 23 19 29 14  2.60995
108 1 34 5 26 18 2 3 4 12 9 32 20 30 11 27 7 21 28 15 13 10 16 25 6 17 31 33 8 24 22 23 19 29 14  2.60995
109 1 34 5 26 18 2 3 4 12 9 32 20 30 11 27 7 21 28 15 13 10 16 25 6 17 31 33 8 24 22 23 19 29 14  2.60995
110 1 34 5 26 18 2 3 4 31 9 32 20 30 11 27 7 21 28 15 13 10 16 25 6 17 12 33 8 24 22 23 19 29 14  2.42058
111 1 34 5 26 18 2 3 4 31 9 32 20 30 11 27 7 21 28 15 13 10 16 25 6 17 12 33 8 24 22 23 19 29 14  2.42058
112 1 34 5 26 18 2 3 4 31 9 32 20 30 11 27 7 21 28 15 13 10 16 25 6 17 12 33 8 24 22 23 19 29 14  2.42058
113 1 34 5 26 18 2 3 4 31 9 32 20 25 6 17 12 33 8 24 22 23 19 30 11 27 7 21 28 15 13 10 16 29 14  2.3355
114 1 34 5 26 18 2 3 4 31 9 32 20 25 6 17 12 33 8 24 22 23 19 30 11 27 7 21 28 15 13 10 16 29 14  2.3355
115 1 34 5 26 18 2 3 4 31 9 32 20 25 6 17 12 33 8 24 22 23 19 30 11 27 7 21 28 15 13 10 16 29 14  2.3355
116 1 34 5 26 18 2 3 4 31 9 32 20 25 6 17 12 33 8 24 22 23 19 30 11 27 7 21 28 15 13 10 16 29 14  2.3355
117 1 34 5 26 18 2 3 4 31 9 32 20 25 6 17 12 33 8 24 22 23 19 30 11 27 7 21 28 15 13 10 16 29 14  2.3355
118 1 34 5 26 18 2 3 4 31 9 32 20 25 6 17 12 33 8 24 22 23 19 30 11 27 7 21 28 15 13 10 16 29 14  2.3355
119 1 34 5 26 18 2 3 4 31 9 32 20 25 6 17 12 33 8 24 22 23 19 30 11 27 7 21 28 15 13 10 16 29 14  2.3355
120 1 34 5 26 18 2 3 4 31 9 32 20 25 6 17 12 33 8 24 22 23 19 30 11 27 7 21 28 15 13 10 16 29 14  2.3355
121 1 34 5 26 18 2 3 4 31 9 32 20 25 6 17 12 33 8 24 22 23 19 30 11 27 7 21 28 15 13 10 16 29 14  2.3355
122 1 34 5 26 18 2 3 4 31 9 32 20 25 6 17 12 33 8 24 22 23 19 30 11 27 7 21 28 15 13 10 16 29 14  2.3355
123 1 34 5 26 18 2 3 4 31 9 32 20 25 6 17 12 33 8 24 22 23 19 30 11 27 7 21 28 15 13 10 16 29 14  2.3355
124 1 34 5 26 18 2 3 4 31 9 32 20 25 6 17 12 33 8 24 22 23 19 30 11 27 7 21 28 15 13 10 16 29 14  2.3355
125 1 34 5 26 18 2 3 4 31 9 32 20 25 6 17 12 33 8 24 22 23 19 30 11 27 7 21 28 15 13 10 16 29 14  2.3355
126 1 34 5 26 18 2 3 4 31 9 32 20 25 6 17 12 33 8 24 22 23 19 30 11 27 7 21 28 15 13 10 16 29 14  2.3355
127 1 34 5 26 18 2 3 4 31 9 32 20 25 30 17 12 33 8 24 22 23 19 6 11 27 7 21 28 15 13 10 16 29 14  2.29798
128 1 34 5 26 18 2 3 4 31 9 32 20 25 6 17 12 33 8 24 22 23 19 11 30 27 7 21 28 15 13 10 16 29 14  2.16963
129 1 34 5 26 18 2 3 4 31 9 32 20 25 6 17 12 33 8 24 22 23 19 11 30 27 7 21 28 15 13 10 16 29 14  2.16963
130 1 34 5 26 18 2 3 4 31 9 32 20 25 6 17 12 33 8 24 22 23 19 11 30 27 7 21 28 15 13 10 16 29 14  2.16963
131 1 34 5 26 18 2 3 4 31 9 32 20 25 6 17 12 33 8 24 22 23 19 11 30 27 7 21 28 15 13 10 16 29 14  2.16963
132 1 34 5 26 18 2 3 4 31 9 32 20 25 6 17 12 33 8 24 22 23 19 11 30 27 7 21 28 15 13 10 16 29 14  2.16963
133 1 34 5 26 18 2 3 4 31 9 32 20 25 6 17 12 33 8 24 22 23 19 11 30 27 7 21 28 15 13 10 16 29 14  2.16963
134 1 34 5 26 18 2 3 4 31 9 32 20 25 6 17 12 33 8 24 22 23 19 11 30 27 7 21 28 15 13 10 16 29 14  2.16963
135 1 34 5 26 18 2 3 4 31 9 32 20 25 6 17 12 33 8 24 22 23 19 11 30 27 7 21 28 15 13 10 16 29 14  2.16963
136 1 34 5 26 18 2 3 4 31 9 32 20 25 6 17 12 33 8 24 22 23 19 11 30 27 7 21 28 15 13 10 16 29 14  2.16963
137 1 34 5 26 18 2 3 4 31 9 32 20 25 6 17 12 33 8 24 22 23 19 11 30 27 7 21 28 15 13 10 16 29 14  2.16963
138 1 34 5 26 18 2 3 4 31 9 32 20 25 6 17 12 33 8 24 22 23 19 11 30 27 7 21 28 15 13 10 16 29 14  2.16963
139 1 34 5 26 18 2 3 4 31 9 32 20 25 6 17 12 33 8 24 22 23 19 11 30 27 7 21 28 15 13 10 16 29 14  2.16963
140 1 34 5 26 18 2 3 4 31 9 32 20 25 6 17 12 33 8 24 22 23 19 11 30 27 7 21 28 15 13 10 16 29 14  2.16963
141 1 34 5 26 18 2 3 4 31 9 33 8 24 22 23 19 32 20 25 6 17 12 11 30 27 7 21 28 15 13 10 16 29 14  2.11053
142 1 34 5 26 18 2 3 4 31 9 33 8 24 22 23 19 32 20 25 6 17 12 11 30 27 7 21 28 15 13 10 16 29 14  2.11053
143 1 34 5 26 18 2 3 4 31 9 33 8 24 22 23 19 32 20 25 6 17 12 11 30 27 7 21 28 15 13 10 16 29 14  2.11053
144 1 34 5 26 18 2 3 4 31 9 33 8 24 22 23 19 32 20 25 6 17 12 11 30 27 7 21 28 15 13 10 16 29 14  2.11053
145 1 34 5 26 18 2 3 4 31 9 33 8 24 22 23 19 32 20 25 6 17 12 11 30 27 7 21 28 15 13 10 16 29 14  2.11053
146 1 34 5 26 18 2 3 4 31 9 33 8 24 22 23 19 32 20 25 6 17 12 11 30 27 7 21 28 15 13 10 16 29 14  2.11053
147 1 34 5 26 18 2 3 4 31 9 33 8 24 23 22 19 32 20 25 6 17 12 11 30 27 7 21 28 15 13 10 16 29 14  2.09001
148 1 34 5 26 18 2 3 4 31 9 33 8 24 23 22 19 32 20 25 6 17 12 11 30 27 7 21 28 15 13 10 16 29 14  2.09001
149 1 34 5 26 18 2 3 4 31 9 33 8 24 23 22 19 32 20 25 6 17 12 11 30 27 7 21 28 15 13 10 16 29 14  2.09001
150 1 34 5 26 18 2 3 4 31 9 33 8 24 22 23 19 32 20 25 6 17 12 11 30 27 7 21 28 15 10 13 16 29 14  2.07284
151 1 34 5 26 18 2 3 4 31 9 33 8 24 22 23 19 32 20 25 6 17 12 11 30 27 7 21 28 15 10 13 16 29 14  2.07284
152 1 34 5 26 18 2 3 4 31 9 33 8 24 22 23 19 32 20 25 6 17 12 11 30 27 7 21 28 15 10 13 16 29 14  2.07284
153 1 34 5 26 18 2 3 4 31 9 33 8 24 22 23 19 32 20 25 6 17 12 11 30 27 7 21 28 15 10 13 16 29 14  2.07284
154 1 34 5 26 18 2 3 4 31 9 33 8 24 22 23 19 32 20 25 6 17 12 11 30 27 7 21 28 15 10 13 16 29 14  2.07284
155 1 34 5 26 18 2 3 4 31 9 33 8 24 22 23 19 32 17 25 6 20 12 11 30 27 7 21 28 15 10 13 16 29 14  2.00453
156 1 34 5 26 18 2 3 4 31 9 33 8 24 22 23 19 32 17 25 6 20 12 11 30 27 7 21 28 15 10 13 16 29 14  2.00453
157 1 34 5 26 18 2 3 4 31 9 33 8 24 22 23 19 32 17 25 6 20 12 11 30 27 7 21 28 15 10 13 16 29 14  2.00453
158 1 34 5 26 18 2 3 4 31 9 33 8 24 22 17 6 32 20 25 19 23 12 11 30 27 7 21 28 15 10 13 16 29 14  1.99081
159 1 34 5 26 18 2 3 4 31 9 33 8 24 22 17 6 32 20 25 19 23 12 11 30 27 7 21 28 15 10 13 16 29 14  1.99081
160 1 34 5 26 18 2 3 4 31 9 33 8 24 22 17 6 32 20 25 19 23 12 11 30 27 7 21 28 15 10 13 16 29 14  1.99081
161 1 34 5 26 18 2 3 4 31 9 33 8 24 22 17 6 32 20 25 19 23 12 11 30 27 7 21 28 15 10 13 16 29 14  1.99081
162 1 34 5 26 18 2 3 4 31 9 33 8 24 23 22 19 32 20 25 6 17 12 11 30 27 21 7 28 15 13 10 16 29 14  1.98972
163 1 34 5 26 18 2 3 4 31 9 33 8 24 23 22 19 32 20 25 6 17 12 11 30 27 21 7 28 15 13 10 16 29 14  1.98972
164 1 34 5 26 18 2 3 4 31 9 33 8 24 23 22 19 32 20 25 6 17 12 11 30 27 21 7 28 15 13 10 16 29 14  1.98972
165 1 34 5 26 18 2 3 4 31 9 33 8 24 23 22 19 32 20 25 6 17 12 11 30 27 21 7 28 15 13 10 16 29 14  1.98972
166 1 34 5 26 18 2 3 4 31 9 33 8 24 23 22 19 32 20 25 6 17 12 11 30 27 21 7 28 15 13 10 16 29 14  1.98972
167 1 5 34 26 18 2 3 4 31 9 33 8 24 23 22 19 32 20 25 6 17 12 11 30 27 21 7 28 15 13 10 16 29 14  1.96151
168 1 5 34 26 18 2 3 4 31 9 33 8 24 23 22 19 32 20 25 6 17 12 11 30 27 21 7 28 15 13 10 16 29 14  1.96151
169 1 5 34 26 18 2 3 4 31 9 33 8 24 23 22 19 32 20 25 6 17 12 11 30 27 21 7 28 15 13 10 16 29 14  1.96151
170 1 5 34 26 18 2 3 4 31 9 33 8 24 23 22 19 32 20 25 6 17 12 11 30 27 21 7 28 15 13 10 16 29 14  1.96151
171 1 5 34 26 18 2 3 4 31 9 33 8 24 23 22 19 32 20 25 6 17 12 11 30 27 21 7 28 15 13 10 16 29 14  1.96151
172 1 5 34 26 18 2 3 4 31 9 33 8 24 23 22 19 32 20 25 6 17 12 11 30 27 21 7 28 15 13 10 16 29 14  1.96151
173 1 34 5 26 18 2 3 4 31 9 33 8 24 23 22 19 32 20 25 6 17 12 11 30 27 21 7 28 15 10 13 16 29 14  1.95203
174 1 34 5 26 18 2 3 4 31 9 33 8 24 23 22 19 32 20 25 6 17 12 11 30 27 21 7 28 15 10 13 16 29 14  1.95203
175 1 34 5 26 18 2 3 4 31 9 33 8 24 23 22 19 32 20 25 6 17 12 11 30 27 21 7 28 15 10 13 16 29 14  1.95203
176 1 34 5 26 18 2 3 4 31 9 33 8 24 23 22 19 32 20 25 6 17 12 11 30 27 21 7 28 15 10 13 16 29 14  1.95203
177 1 5 34 26 18 2 3 4 8 9 33 31 24 23 22 19 32 20 25 6 17 12 11 30 27 21 7 28 15 13 10 16 29 14  1.93139
178 1 5 34 26 18 2 3 4 8 9 33 31 24 23 22 19 32 20 25 6 17 12 11 30 27 21 7 28 15 13 10 16 29 14  1.93139
179 1 5 34 26 18 2 3 4 31 9 33 8 24 23 22 19 32 20 12 6 17 25 11 30 27 21 7 28 15 13 10 16 29 14  1.73201
180 1 5 34 26 18 2 3 4 31 9 33 8 24 23 22 19 32 20 12 6 17 25 11 30 27 21 7 28 15 13 10 16 29 14  1.73201
181 1 5 34 26 18 2 3 4 31 9 33 8 24 23 22 19 32 20 12 6 17 25 11 30 27 21 7 28 15 13 10 16 29 14  1.73201
182 1 5 34 26 18 2 3 4 31 9 33 8 24 23 22 19 32 20 12 6 17 25 11 30 27 21 7 28 15 13 10 16 29 14  1.73201
183 1 5 34 26 18 2 3 4 31 9 33 8 24 23 22 19 32 20 12 6 17 25 11 30 27 21 7 28 15 13 10 16 29 14  1.73201
184 1 5 34 26 18 2 3 4 31 9 33 8 24 23 22 19 32 20 12 6 17 25 11 30 27 21 7 28 15 13 10 16 29 14  1.73201
185 1 5 34 26 18 2 3 4 31 9 33 8 24 23 22 19 32 20 12 6 17 25 11 30 27 21 7 28 15 13 10 16 29 14  1.73201
186 1 5 34 26 18 2 3 4 31 9 33 8 24 23 22 19 32 20 12 6 17 25 11 30 27 21 7 28 15 13 10 16 29 14  1.73201
187 1 5 34 26 18 2 3 4 31 9 33 8 24 23 22 19 32 20 12 6 17 25 11 30 27 21 7 28 15 13 10 16 29 14  1.73201
188 1 5 34 26 18 2 3 4 31 9 33 8 24 23 22 19 32 20 12 6 17 25 11 30 27 21 7 28 15 13 10 16 29 14  1.73201
189 1 5 34 26 18 2 3 4 31 9 33 8 24 23 22 19 32 20 12 6 17 25 11 30 27 21 7 28 15 13 10 16 29 14  1.73201
190 1 5 34 26 18 2 3 4 31 9 33 8 32 20 12 6 24 23 22 19 17 25 11 30 27 21 7 28 15 13 10 16 29 14  1.70557
191 1 5 34 26 18 2 3 4 31 9 33 8 32 20 12 6 24 23 22 19 17 25 11 30 27 21 7 28 15 13 10 16 29 14  1.70557
192 1 5 34 26 18 2 3 4 31 9 33 8 32 20 12 6 24 23 22 19 17 25 11 30 27 21 7 28 15 13 10 16 29 14  1.70557
193 1 5 34 26 18 2 3 4 8 9 33 31 24 23 22 19 32 20 12 6 17 25 11 30 27 21 7 28 15 13 10 16 29 14  1.7019
194 1 5 34 26 18 2 3 4 8 9 33 31 24 23 22 19 32 20 12 6 17 25 11 30 27 21 7 28 15 13 10 16 29 14  1.7019
195 1 5 34 26 18 2 3 4 31 9 33 8 24 23 22 19 32 20 12 6 17 25 11 30 27 21 7 28 15 13 10 16 14 29  1.66362
196 1 5 34 26 18 2 3 4 31 9 33 8 24 23 22 19 32 20 12 6 17 25 11 30 27 21 7 28 15 13 10 16 14 29  1.66362
197 1 5 34 26 18 2 3 4 31 9 33 8 24 23 22 19 32 20 12 6 17 25 11 30 27 21 7 28 15 13 10 16 14 29  1.66362
198 1 5 34 26 18 2 3 4 31 9 33 8 24 23 22 19 32 20 12 6 17 25 11 30 27 21 7 28 15 13 10 16 14 29  1.66362
199 1 5 34 26 18 2 3 4 31 9 33 8 24 23 22 19 32 20 12 6 17 25 11 30 27 21 7 28 15 13 10 16 14 29  1.66362
200 1 5 34 26 18 2 3 4 31 9 33 8 24 23 22 19 32 20 12 6 17 25 11 30 27 21 7 28 15 13 10 16 14 29  1.66362
201 1 5 34 26 18 2 3 4 31 9 33 8 24 23 22 19 32 20 12 6 17 25 11 30 27 21 7 28 15 13 10 16 14 29  1.66362
202 1 5 34 26 18 2 3 4 31 9 33 8 24 23 22 19 32 20 12 6 17 25 11 30 27 21 7 28 15 13 10 16 14 29  1.66362
203 1 5 34 26 18 2 3 4 31 9 33 8 24 23 22 19 32 20 12 6 17 25 11 30 27 21 7 28 15 13 10 16 14 29  1.66362
204 1 5 34 26 18 2 3 4 31 9 33 8 24 23 22 19 32 20 12 6 17 25 11 30 27 21 7 28 15 13 10 16 14 29  1.66362
205 1 5 34 26 18 2 3 4 31 9 33 8 24 23 22 19 32 20 12 6 17 25 11 30 27 21 7 28 15 13 10 16 14 29  1.66362
206 1 5 34 26 18 2 3 4 31 9 33 8 24 23 22 19 32 20 12 6 17 25 11 30 27 21 7 28 15 13 10 16 14 29  1.66362
207 1 5 34 26 18 2 24 8 31 9 33 4 3 23 22 19 32 20 12 6 17 25 11 30 27 21 7 28 15 13 10 16 14 29  1.62694
208 1 5 34 26 18 2 24 8 31 9 33 4 3 23 22 19 32 20 12 6 17 25 11 30 27 21 7 28 15 13 10 16 14 29  1.62694
209 1 5 34 26 18 2 24 8 31 9 33 4 3 23 22 19 32 20 12 6 17 25 11 30 27 21 7 28 15 13 10 16 14 29  1.62694
210 1 5 34 26 18 2 24 8 31 9 33 4 3 23 22 19 32 20 12 6 17 25 11 30 27 21 7 28 15 13 10 16 14 29  1.62694
211 1 5 34 26 18 2 24 8 31 9 33 4 3 23 22 19 32 20 12 6 17 25 11 30 27 21 7 28 15 13 10 16 14 29  1.62694
212 1 5 34 26 18 2 24 8 31 9 33 4 3 23 22 19 32 20 12 6 17 25 11 30 27 21 7 28 15 13 10 16 14 29  1.62694
213 1 5 34 26 18 2 24 8 31 9 33 4 3 23 22 19 32 20 12 6 17 25 11 30 27 21 7 28 15 13 10 16 14 29  1.62694
214 1 5 34 26 18 2 24 8 31 9 33 4 3 23 22 19 32 20 12 6 17 25 11 30 27 21 7 28 15 13 10 16 14 29  1.62694
215 1 5 34 26 18 2 24 8 31 9 33 4 3 23 22 19 32 20 12 6 17 25 11 30 27 21 7 28 15 13 10 16 14 29  1.62694
216 1 5 34 26 18 2 24 8 31 9 33 4 3 23 22 19 32 20 12 6 17 25 11 30 27 21 7 28 15 13 10 16 14 29  1.62694
217 1 5 34 26 18 2 24 8 31 9 33 4 3 23 22 19 12 20 32 6 17 25 11 30 27 21 7 28 15 13 10 16 14 29  1.61736
218 1 5 34 26 18 2 24 8 31 9 33 4 3 23 22 19 12 20 32 6 17 25 11 30 27 21 7 28 15 13 10 16 14 29  1.61736
219 1 5 34 26 18 2 24 8 31 9 33 4 3 23 22 19 12 20 32 6 17 25 11 30 27 21 7 28 15 13 10 16 14 29  1.61736
220 1 5 34 26 18 2 24 8 31 9 33 4 3 23 22 19 12 20 32 6 17 25 11 30 27 21 7 28 15 13 10 16 14 29  1.61736
221 1 5 34 26 18 2 24 8 31 9 33 4 3 23 22 19 12 20 32 6 17 25 11 30 27 21 7 28 15 13 10 16 14 29  1.61736
222 1 5 34 26 18 2 24 8 31 9 33 4 3 23 22 19 12 20 32 6 17 25 11 30 27 21 7 28 15 13 10 16 14 29  1.61736
223 1 5 34 26 18 2 24 8 31 9 33 4 3 23 22 19 12 20 32 6 17 25 11 30 27 21 7 28 15 10 13 16 14 29  1.57967
224 1 5 34 26 18 2 24 8 31 9 33 4 3 23 22 19 12 20 32 6 17 25 11 30 27 21 7 28 15 10 13 16 14 29  1.57967
225 1 5 34 26 18 2 24 8 31 9 33 4 3 23 22 19 12 20 32 6 17 25 11 30 27 21 7 28 15 10 13 16 14 29  1.57967
226 1 5 34 26 18 2 24 8 31 9 33 4 3 23 22 19 12 20 32 6 17 25 11 30 27 21 7 28 15 10 13 16 14 29  1.57967
227 1 5 34 26 18 2 24 8 31 9 33 4 3 23 22 19 12 20 32 6 17 25 11 30 27 21 7 28 15 10 13 16 14 29  1.57967
228 1 5 34 26 18 2 24 8 31 9 33 4 3 23 22 19 12 20 32 6 17 25 11 30 27 21 7 28 15 10 13 16 14 29  1.57967
229 1 5 34 26 18 2 24 8 31 9 33 4 3 23 22 19 12 20 32 6 17 25 11 30 27 21 7 28 15 10 13 16 14 29  1.57967
230 1 5 34 26 18 2 24 8 31 9 33 4 3 23 22 19 12 20 32 6 17 25 11 30 27 21 7 28 15 10 13 16 14 29  1.57967
231 1 5 34 26 18 2 24 8 31 9 33 4 3 23 22 19 12 20 32 6 17 25 11 30 27 21 7 28 15 10 13 16 14 29  1.57967
232 1 5 34 26 18 2 24 8 31 9 33 4 3 23 22 19 12 20 32 6 17 25 11 30 27 21 7 28 15 10 13 16 14 29  1.57967
233 1 5 34 26 18 2 24 8 31 9 33 4 3 23 22 19 12 20 32 6 17 25 11 30 27 21 7 28 15 10 13 16 14 29  1.57967
234 1 5 34 26 18 2 24 8 31 9 33 4 3 23 22 19 12 20 32 6 17 25 11 30 27 21 7 28 15 10 13 16 14 29  1.57967
235 1 5 34 2 18 26 24 8 31 9 33 4 3 23 22 19 12 20 32 6 17 25 11 30 27 21 7 28 15 10 13 16 14 29  1.44905
236 1 5 34 2 18 26 24 8 31 9 33 4 3 23 22 19 12 20 32 6 17 25 11 30 27 21 7 28 15 10 13 16 14 29  1.44905
237 1 5 34 2 18 26 24 8 31 9 33 4 3 23 22 19 12 20 32 6 17 25 11 30 27 21 7 28 15 10 13 16 14 29  1.44905
238 1 5 34 2 18 26 24 8 31 9 33 4 3 23 22 19 12 20 32 6 17 25 11 30 27 21 7 28 15 10 13 16 14 29  1.44905
239 1 5 34 2 18 26 24 8 31 9 33 4 3 23 22 19 12 20 32 6 17 25 11 30 27 21 7 28 15 10 13 16 14 29  1.44905
240 1 5 34 2 18 26 24 8 31 9 33 4 3 23 22 19 12 20 32 6 17 25 11 30 27 21 7 28 15 10 13 16 14 29  1.44905
241 1 5 34 2 18 26 24 8 31 9 33 4 3 23 22 19 12 20 32 6 17 25 11 30 27 21 7 28 15 10 13 16 14 29  1.44905
242 1 5 34 2 18 26 24 8 31 9 33 4 3 23 22 19 12 20 32 6 17 25 11 30 27 21 7 28 15 10 13 16 14 29  1.44905
243 1 5 34 2 18 26 24 8 31 9 33 4 3 23 22 19 12 20 32 6 17 25 11 30 27 21 7 28 15 10 13 16 14 29  1.44905
244 1 5 34 2 18 26 24 8 31 9 33 4 3 23 22 19 12 20 32 6 17 25 11 30 27 21 7 28 15 10 13 16 14 29  1.44905
245 1 5 34 2 18 26 24 8 31 9 33 4 3 19 22 23 12 20 32 6 17 25 11 30 27 21 7 28 15 10 13 16 14 29  1.39439
246 1 5 34 2 18 26 24 8 31 9 33 4 3 19 22 23 12 20 32 6 17 25 11 30 27 21 7 28 15 10 13 16 14 29  1.39439
247 1 5 34 2 18 26 24 8 31 9 33 4 3 19 22 23 12 20 32 6 17 25 11 30 27 21 7 28 15 10 13 16 14 29  1.39439
248 1 5 34 2 18 26 24 8 31 9 33 4 3 19 22 23 12 20 32 6 17 25 11 30 27 21 7 28 15 10 13 16 14 29  1.39439
249 1 5 34 2 18 26 24 8 31 9 33 4 3 19 22 23 12 20 32 6 17 25 11 30 27 21 7 28 15 10 13 16 14 29  1.39439
250 1 5 34 2 18 26 24 8 31 9 33 4 3 19 22 23 12 20 32 6 17 25 11 30 27 21 7 28 15 10 13 16 14 29  1.39439
251 1 5 34 2 18 26 24 8 31 9 33 4 3 17 6 32 12 20 23 22 19 25 11 30 27 21 7 28 15 10 13 16 14 29  1.37662
252 1 5 34 2 18 26 24 8 31 9 33 4 3 17 6 32 12 20 23 22 19 25 11 30 27 21 7 28 15 10 13 16 14 29  1.37662
253 1 5 34 2 18 26 24 8 31 9 33 4 3 17 6 32 12 20 23 22 19 25 11 30 27 21 7 28 15 10 13 16 14 29  1.37662
254 1 5 34 2 18 26 24 8 31 9 33 4 3 17 6 32 12 20 23 22 19 25 11 30 27 21 7 28 15 10 13 16 14 29  1.37662
255 1 5 34 2 18 26 24 8 31 9 33 4 3 17 6 32 12 20 23 22 19 25 11 30 27 21 7 28 15 10 13 16 14 29  1.37662
256 1 5 34 2 18 26 24 8 31 9 33 4 3 17 6 32 12 20 23 22 19 25 11 30 27 21 7 28 15 10 13 16 14 29  1.37662
257 1 5 34 2 18 26 24 8 31 9 33 4 3 17 32 6 12 20 23 22 19 25 11 30 27 21 7 28 15 10 13 16 14 29  1.37046
258 1 5 34 2 18 26 24 8 31 9 33 4 3 17 32 6 12 20 23 22 19 25 11 30 27 21 7 28 15 10 13 16 14 29  1.37046
259 1 5 34 2 18 26 24 8 31 9 33 4 3 17 32 6 12 20 23 22 19 25 11 30 27 21 7 28 15 10 13 16 14 29  1.37046
260 1 5 34 2 18 26 24 8 31 9 33 4 3 17 32 6 12 20 23 22 19 25 11 30 27 21 7 28 15 10 13 16 14 29  1.37046
261 1 5 34 2 18 26 24 8 31 9 33 4 3 17 32 6 12 20 23 22 19 25 11 30 27 21 7 28 15 10 13 16 14 29  1.37046
262 1 5 34 2 18 26 24 8 31 9 33 4 3 17 32 6 12 20 23 22 19 25 11 30 27 21 7 28 15 10 13 16 14 29  1.37046
263 1 5 34 2 18 26 24 8 31 9 33 4 3 17 32 6 12 20 23 22 19 25 11 30 27 21 7 28 15 10 13 16 14 29  1.37046
264 1 5 34 2 18 26 24 8 31 9 33 4 3 17 32 6 12 20 23 22 19 25 11 30 27 21 7 28 15 10 13 16 14 29  1.37046
265 1 5 34 2 18 26 24 8 31 9 33 4 3 17 32 6 12 20 23 22 19 25 11 30 27 21 7 28 15 10 13 16 14 29  1.37046
266 1 5 34 2 18 26 24 8 31 9 33 4 3 17 32 6 12 20 23 19 22 25 11 30 27 21 7 28 15 10 13 16 14 29  1.33162
267 1 5 34 2 18 26 24 8 31 9 33 4 3 17 32 6 12 20 23 19 22 25 11 30 27 21 7 28 15 10 13 16 14 29  1.33162
268 1 5 34 2 18 26 24 8 31 9 33 4 3 17 32 6 12 20 23 19 22 25 11 30 27 21 7 28 15 10 13 16 14 29  1.33162
269 1 5 34 2 18 26 24 8 31 9 33 4 3 17 32 6 12 20 23 19 22 25 11 30 27 21 7 28 15 10 13 16 14 29  1.33162
270 1 5 34 2 18 26 24 8 31 9 33 4 3 17 32 6 12 20 23 19 22 25 11 30 27 21 7 28 15 10 13 16 14 29  1.33162
271 1 5 34 2 18 26 24 8 31 9 33 4 3 6 12 20 32 17 23 19 22 25 11 30 27 21 7 28 15 10 13 16 14 29  1.31668
272 1 5 34 2 18 26 24 8 31 9 33 4 3 6 12 20 32 17 23 19 22 25 11 30 27 21 7 28 15 10 13 16 14 29  1.31668
273 1 5 34 2 18 26 24 8 31 9 33 4 3 6 12 20 32 17 23 19 22 25 11 30 27 21 7 28 15 10 13 16 14 29  1.31668
274 1 5 34 2 18 26 24 8 31 9 33 4 3 6 12 20 32 17 23 19 22 25 11 30 27 21 7 28 15 10 13 16 14 29  1.31668
275 1 5 34 2 18 26 24 8 31 9 33 4 3 6 12 20 32 17 23 19 22 25 11 30 27 21 7 28 15 10 13 16 14 29  1.31668
276 1 5 34 2 18 26 24 8 31 9 33 4 3 6 12 20 32 17 23 19 22 25 11 30 27 21 7 28 15 10 13 16 14 29  1.31668
277 1 5 34 2 18 26 24 8 31 9 33 4 3 6 12 20 32 17 23 19 22 25 11 30 27 21 7 28 15 10 13 16 14 29  1.31668
278 1 5 34 2 18 26 24 8 31 9 33 4 3 6 12 20 32 17 23 19 22 25 11 30 27 21 7 28 15 10 13 16 14 29  1.31668
279 1 5 34 2 18 26 24 8 31 9 33 4 3 6 12 20 32 17 23 19 22 25 11 30 27 21 7 28 15 10 13 16 14 29  1.31668
280 1 5 34 2 18 26 24 8 31 9 33 4 3 6 12 20 32 17 23 19 22 25 11 30 27 21 7 28 15 10 13 16 14 29  1.31668
281 1 5 34 2 18 26 24 8 31 9 33 4 3 6 12 20 32 17 23 19 22 25 11 30 27 21 7 28 15 10 13 16 14 29  1.31668
282 1 5 34 2 18 26 24 8 31 9 33 4 3 6 12 20 32 17 23 19 22 25 11 30 27 21 7 28 15 10 13 16 14 29  1.31668
283 1 5 34 2 18 26 24 8 31 9 33 4 3 6 12 20 32 17 23 19 22 25 11 30 27 21 7 28 15 10 13 16 14 29  1.31668
284 1 5 34 2 18 26 24 8 31 9 33 4 3 6 12 20 32 17 23 19 22 25 11 30 27 21 7 28 15 10 13 16 14 29  1.31668
285 1 5 34 2 18 26 24 31 8 9 33 4 3 6 12 20 32 17 23 19 22 25 11 30 27 21 7 28 15 10 13 16 14 29  1.31174
286 1 5 34 2 18 26 24 31 8 9 33 4 3 6 12 20 32 17 23 19 22 25 11 30 27 21 7 28 15 10 13 16 14 29  1.31174
287 1 5 34 2 18 26 24 31 8 9 33 4 3 6 12 20 32 17 23 19 22 25 11 30 27 21 7 28 15 10 13 16 14 29  1.31174
288 1 5 34 2 18 26 24 31 8 9 33 4 3 6 12 20 32 17 23 19 22 25 11 30 27 21 7 28 15 10 13 16 14 29  1.31174
289 1 5 34 2 18 26 24 31 8 9 33 4 3 6 12 20 32 17 23 19 22 25 11 30 27 21 7 28 15 10 13 16 14 29  1.31174
290 1 5 34 2 18 26 24 31 8 9 33 4 3 6 12 20 32 17 23 19 22 25 11 30 27 21 7 28 15 10 13 16 14 29  1.31174
291 1 5 34 2 18 26 24 31 8 9 33 4 3 6 12 20 32 17 23 19 22 25 11 30 27 21 7 28 15 10 13 16 14 29  1.31174
292 1 5 34 2 18 26 24 31 8 9 33 4 3 6 12 20 32 17 23 19 22 25 11 30 27 21 7 28 15 10 13 16 14 29  1.31174
293 1 5 34 2 18 26 24 31 8 9 33 4 3 6 12 20 32 17 23 19 22 25 11 30 27 21 7 28 15 10 13 16 14 29  1.31174
294 1 5 34 2 18 26 24 31 8 9 33 4 3 6 12 20 32 17 23 19 22 25 11 30 27 21 7 28 15 10 13 16 14 29  1.31174
295 1 5 34 2 18 26 24 31 8 9 33 4 3 6 12 20 32 17 23 19 22 25 11 30 27 21 7 28 15 10 13 16 14 29  1.31174
296 1 5 34 2 18 26 24 31 8 9 33 4 3 6 12 20 32 17 23 19 22 25 11 30 27 21 7 28 15 10 13 16 14 29  1.31174
297 1 5 34 2 18 26 24 31 8 9 33 4 3 6 12 20 32 17 23 19 22 25 11 30 27 21 7 28 15 10 13 16 14 29  1.31174
298 1 5 34 2 18 26 24 31 8 9 33 4 3 6 12 20 32 17 23 19 22 25 11 30 27 21 7 28 15 10 13 16 14 29  1.31174
299 1 5 34 2 18 26 24 31 8 9 33 4 3 6 12 20 32 17 23 19 22 25 11 30 27 21 7 28 15 10 13 16 14 29  1.31174
300 1 5 34 2 18 26 24 31 8 9 33 4 3 6 12 20 32 17 23 19 22 25 11 30 27 21 7 28 15 10 13 16 14 29  1.31174
301 1 5 34 2 18 26 24 31 8 9 33 4 3 6 12 20 32 17 23 19 22 25 11 30 27 21 7 28 15 10 13 16 14 29  1.31174
302 1 5 34 2 18 26 24 31 8 9 33 4 3 6 12 20 32 17 23 19 22 25 11 30 27 21 7 28 15 10 13 16 14 29  1.31174
303 1 5 34 2 18 26 24 31 8 9 33 4 3 6 12 20 32 17 23 19 22 25 11 30 27 21 7 28 15 10 13 16 14 29  1.31174
304 1 5 34 2 18 26 24 31 8 9 33 4 3 6 12 20 32 17 23 19 22 25 11 30 27 21 7 28 15 10 13 16 14 29  1.31174
305 1 5 34 2 18 26 24 31 8 9 33 4 3 6 12 20 32 17 23 19 22 25 11 30 27 21 7 28 15 10 13 16 14 29  1.31174
306 1 5 34 2 18 26 24 31 8 9 33 4 3 6 12 20 32 17 23 19 22 25 11 30 27 21 7 28 15 10 13 16 14 29  1.31174
307 1 5 34 2 18 26 24 31 8 9 33 4 3 6 12 20 32 17 23 19 22 25 11 30 27 21 7 28 15 10 13 16 14 29  1.31174
308 1 5 34 2 18 26 24 31 8 9 33 4 3 6 12 20 32 17 23 19 22 25 11 30 27 21 7 28 15 10 13 16 14 29  1.31174
309 1 5 34 2 18 26 24 31 8 9 33 4 3 6 12 20 32 17 23 19 22 25 11 30 27 21 7 28 15 10 13 16 14 29  1.31174
310 1 5 34 2 18 26 24 31 8 9 33 4 3 6 32 20 12 17 23 19 22 25 11 30 27 21 7 28 15 10 13 16 14 29  1.28157
311 1 5 34 2 18 26 24 31 8 9 33 4 3 6 32 20 12 17 23 19 22 25 11 30 27 21 7 28 15 10 13 16 14 29  1.28157
312 1 5 34 2 18 26 24 31 8 9 33 4 3 6 32 20 12 17 23 19 22 25 11 30 27 21 7 28 15 10 13 16 14 29  1.28157
313 1 5 34 2 18 26 24 31 8 9 33 4 3 6 32 20 12 17 23 19 22 25 11 30 27 21 7 28 15 10 13 16 14 29  1.28157
314 1 5 34 2 18 26 24 31 8 9 33 4 3 6 32 20 12 17 23 19 22 25 11 30 27 21 7 28 15 10 13 16 14 29  1.28157
315 1 5 34 2 18 26 24 31 8 9 33 4 3 6 32 20 12 17 23 19 22 25 11 30 27 21 7 28 15 10 13 16 14 29  1.28157
316 1 5 34 2 18 26 24 31 8 9 33 4 3 6 32 20 12 17 23 19 22 25 11 30 27 21 7 28 15 10 13 16 14 29  1.28157
317 1 5 34 2 18 26 24 31 8 9 33 4 3 6 32 20 12 17 23 19 22 25 11 30 27 21 7 28 15 10 13 16 14 29  1.28157
318 1 5 34 2 18 26 24 31 8 9 33 4 3 6 32 20 12 17 23 19 22 25 11 30 27 21 7 28 15 10 13 16 14 29  1.28157
319 1 5 34 2 18 26 24 31 8 9 33 4 3 6 32 20 12 17 23 19 22 25 11 30 27 21 7 28 15 10 13 16 14 29  1.28157
320 1 5 34 2 18 26 24 31 8 9 33 4 3 6 32 20 12 17 23 19 22 25 11 30 27 21 7 28 15 10 13 16 14 29  1.28157
321 1 5 34 2 18 26 24 31 8 9 33 4 3 6 32 20 12 17 23 19 22 25 11 30 27 21 7 28 15 10 13 16 14 29  1.28157
322 1 5 34 2 18 26 24 31 8 9 33 4 3 6 32 20 12 17 23 19 22 25 11 30 27 21 7 28 15 10 13 16 14 29  1.28157
323 1 5 34 2 18 26 24 31 8 9 33 4 3 6 32 20 12 17 23 19 22 25 11 30 27 21 7 28 15 10 13 16 14 29  1.28157
324 1 5 34 2 18 26 24 31 8 9 33 4 3 6 32 20 12 17 23 19 22 25 11 30 27 21 7 28 15 10 13 16 14 29  1.28157
325 1 5 34 2 18 26 24 31 8 9 33 4 3 6 32 20 12 17 23 19 22 25 11 30 27 21 7 28 15 10 13 16 14 29  1.28157
326 1 5 34 2 18 26 24 31 8 9 33 4 3 6 32 20 12 17 23 19 22 25 11 30 27 21 7 28 15 10 13 16 14 29  1.28157
327 1 5 34 2 18 26 24 31 8 9 33 4 3 6 32 20 12 17 23 19 22 25 11 30 27 21 7 28 15 10 13 16 14 29  1.28157
328 1 5 34 2 18 26 24 31 8 9 33 4 3 6 32 20 12 17 23 19 22 25 11 30 27 21 7 28 15 10 13 16 14 29  1.28157
329 1 5 34 2 18 26 24 31 8 9 33 4 3 6 32 20 12 17 23 19 22 25 11 30 27 21 7 28 15 10 13 16 14 29  1.28157
330 1 5 34 2 18 26 24 31 8 9 33 4 3 6 32 20 12 17 23 19 22 25 11 30 27 21 7 28 15 10 13 16 14 29  1.28157
331 1 5 34 2 18 26 24 31 8 9 33 4 3 6 32 20 12 17 23 19 22 25 11 30 27 21 7 28 15 10 13 16 14 29  1.28157
332 1 5 34 2 18 26 24 31 8 9 33 4 3 6 32 20 12 17 23 19 22 25 11 30 27 21 7 28 15 10 13 16 14 29  1.28157
333 1 5 34 2 18 26 24 31 8 9 33 4 3 6 32 20 12 17 23 19 22 25 11 30 27 21 7 28 15 10 13 16 14 29  1.28157
334 1 5 34 2 18 26 24 31 8 9 33 4 3 6 32 20 12 17 23 19 22 25 11 30 27 21 7 28 15 10 13 16 14 29  1.28157
335 1 5 34 2 18 26 24 31 8 9 33 4 3 6 32 20 12 17 23 19 22 25 11 30 27 21 7 28 15 10 13 16 14 29  1.28157
336 1 5 34 2 18 26 24 31 8 9 33 4 3 6 32 20 12 17 23 19 22 25 11 30 27 21 7 28 15 10 13 16 14 29  1.28157
337 1 5 34 2 18 26 24 31 33 9 8 4 3 6 32 20 12 17 23 19 22 25 11 30 27 21 7 28 15 10 13 16 14 29  1.24891
338 1 5 34 2 18 26 24 31 33 9 8 4 3 6 32 20 12 17 23 19 22 25 11 30 27 21 7 28 15 10 13 16 14 29  1.24891
339 1 5 34 2 18 26 24 31 33 9 8 4 3 6 32 20 12 17 23 19 22 25 11 30 27 21 7 28 15 10 13 16 14 29  1.24891
340 1 5 34 2 18 26 24 31 33 9 8 4 3 6 32 20 12 17 23 19 22 25 11 30 27 21 7 28 15 10 13 16 14 29  1.24891
341 1 5 34 2 18 26 24 31 33 9 8 4 3 6 32 20 12 17 23 19 22 25 11 30 27 21 7 28 15 10 13 16 14 29  1.24891
342 1 5 34 2 18 26 24 31 33 9 8 4 3 6 32 20 12 17 23 19 22 25 11 30 27 21 7 28 15 10 13 16 14 29  1.24891
343 1 5 34 2 18 26 24 31 33 9 8 4 3 6 32 20 12 17 23 19 22 25 11 30 27 21 7 28 15 10 13 16 14 29  1.24891
344 1 5 34 2 18 26 24 31 33 9 8 4 3 6 32 20 12 17 23 19 22 25 11 30 27 21 7 28 15 10 13 16 14 29  1.24891
345 1 5 34 2 18 26 24 31 33 9 8 4 3 6 32 20 12 17 23 19 22 25 11 30 27 21 7 28 15 10 13 16 14 29  1.24891
346 1 5 34 2 18 26 24 31 33 9 8 4 6 32 20 12 3 17 23 19 22 25 11 30 27 21 7 28 15 10 13 16 14 29  1.24689
347 1 5 34 2 18 26 24 31 33 9 8 4 6 32 20 12 3 17 23 19 22 25 11 30 27 21 7 28 15 10 13 16 14 29  1.24689
348 1 5 34 2 18 26 24 31 33 9 8 4 6 32 20 12 3 17 23 19 22 25 11 30 27 21 7 28 15 10 13 16 14 29  1.24689
349 1 5 34 2 18 26 24 31 33 9 8 4 6 32 20 12 3 17 23 19 22 25 11 30 27 21 7 28 15 10 13 16 14 29  1.24689
350 1 5 34 2 18 26 24 31 33 9 8 4 6 32 20 12 3 17 23 19 22 25 11 30 27 21 7 28 15 10 13 16 14 29  1.24689
351 1 5 34 2 18 26 24 31 33 9 8 4 6 32 20 12 3 17 23 19 22 25 11 30 27 21 7 28 15 10 13 16 14 29  1.24689
352 1 5 34 2 18 26 24 31 33 9 8 4 6 32 20 12 3 17 23 19 22 25 11 30 27 21 7 28 15 10 13 16 14 29  1.24689
353 1 5 34 2 18 26 24 31 33 9 8 4 6 32 20 12 3 17 23 19 22 25 11 30 27 21 7 28 15 10 13 16 14 29  1.24689
354 1 5 34 2 18 26 24 31 33 9 8 4 6 32 20 12 3 17 23 19 22 25 11 30 27 21 7 28 15 10 13 16 14 29  1.24689
355 1 5 34 2 18 26 24 31 33 9 8 4 6 32 20 12 3 17 23 19 22 25 11 30 27 21 7 28 15 10 13 16 14 29  1.24689
356 1 5 34 2 18 26 24 31 33 9 8 4 6 32 20 12 3 17 23 19 22 25 11 30 27 21 7 28 15 10 13 16 14 29  1.24689
357 1 5 34 2 18 26 24 31 33 9 8 4 6 32 20 12 3 17 23 19 22 25 11 30 27 21 7 28 15 10 13 16 14 29  1.24689
358 1 5 34 2 18 26 24 31 33 9 8 4 6 32 20 12 3 17 23 19 22 25 11 30 27 21 7 28 15 10 13 16 14 29  1.24689
359 1 5 34 2 18 26 24 31 33 9 8 4 6 32 20 12 3 17 23 19 22 25 11 30 27 21 7 28 15 10 13 16 14 29  1.24689
360 1 5 34 2 18 26 24 31 33 9 8 4 6 32 20 12 3 17 23 19 22 25 11 30 27 21 7 28 15 10 13 16 14 29  1.24689
361 1 5 34 2 18 26 24 31 33 9 8 4 6 32 20 12 3 17 23 19 22 25 11 30 27 21 7 28 15 10 13 16 14 29  1.24689
362 1 5 34 2 18 24 26 31 33 9 8 4 6 32 20 12 3 17 23 19 22 25 11 30 27 21 7 28 15 10 13 16 14 29  1.19456
363 1 5 34 2 18 24 26 31 33 9 8 4 6 32 20 12 3 17 23 19 22 25 11 30 27 21 7 28 15 10 13 16 14 29  1.19456
364 1 5 34 2 18 24 26 31 33 9 8 4 6 32 20 12 3 17 23 19 22 25 11 30 27 21 7 28 15 10 13 16 14 29  1.19456
365 1 5 34 2 18 24 26 31 33 9 8 4 6 32 20 12 3 17 23 19 22 25 11 30 27 21 7 28 15 10 13 16 14 29  1.19456
366 1 5 34 2 18 24 26 31 33 9 8 4 6 32 20 12 3 17 23 19 22 25 11 30 27 21 7 28 15 10 13 16 14 29  1.19456
367 1 5 34 2 18 24 26 31 33 9 8 4 6 32 20 12 3 17 23 19 22 25 11 30 27 21 7 28 15 10 13 16 14 29  1.19456
368 1 5 34 2 18 24 26 31 33 9 8 4 6 32 20 12 3 17 23 19 22 25 11 30 27 21 7 28 15 10 13 16 14 29  1.19456
369 1 5 34 2 18 24 26 31 33 9 8 4 6 32 20 12 3 17 23 19 22 25 11 30 27 21 7 28 15 10 13 16 14 29  1.19456
370 1 5 34 2 18 24 26 31 33 9 8 4 6 32 20 12 3 17 23 19 22 25 11 30 27 21 7 28 15 10 13 16 14 29  1.19456
371 1 5 34 2 18 24 26 31 33 9 8 4 6 32 20 12 3 17 23 19 22 25 11 30 27 21 7 28 15 10 13 16 14 29  1.19456
372 1 5 34 2 18 24 26 31 33 9 8 4 6 32 12 20 3 17 23 19 22 25 11 30 27 21 7 28 15 10 13 16 14 29  1.17595
373 1 5 34 2 18 24 26 31 33 9 8 4 6 32 12 20 3 17 23 19 22 25 11 30 27 21 7 28 15 10 13 16 14 29  1.17595
374 1 5 34 2 18 24 26 31 33 9 8 4 6 32 12 20 3 17 23 19 22 25 11 30 27 21 7 28 15 10 13 16 14 29  1.17595
375 1 5 34 2 18 24 26 31 33 9 8 4 6 32 12 20 3 17 23 19 22 25 11 30 27 21 7 28 15 10 13 16 14 29  1.17595
376 1 5 34 2 18 24 26 31 33 9 8 4 6 32 12 20 3 17 23 19 22 25 11 30 27 21 7 28 15 10 13 16 14 29  1.17595
377 1 5 34 2 18 24 26 31 33 9 8 4 6 32 12 20 3 17 23 19 22 25 11 30 27 21 7 28 15 10 13 16 14 29  1.17595
378 1 5 34 2 18 24 26 31 33 9 8 4 6 32 12 20 3 17 23 19 22 25 11 30 27 21 7 28 15 10 13 16 14 29  1.17595
379 1 5 34 2 18 24 26 31 33 9 8 4 6 32 12 20 3 17 23 19 22 25 11 30 27 21 7 28 15 10 13 16 14 29  1.17595
380 1 5 34 2 18 24 26 31 33 9 8 4 6 32 12 20 3 17 23 19 22 25 11 30 27 21 7 28 15 10 13 16 14 29  1.17595
381 1 5 34 2 18 24 26 31 33 9 8 4 6 32 12 20 3 17 23 19 22 25 11 30 27 21 7 28 15 10 13 16 14 29  1.17595
382 1 5 34 2 18 24 26 31 33 9 8 4 6 32 12 20 3 17 23 19 22 25 11 30 27 21 7 28 15 10 13 16 14 29  1.17595
383 1 5 34 2 18 24 26 31 33 9 8 4 6 32 12 20 3 17 23 19 22 25 11 30 27 21 7 28 15 10 13 16 14 29  1.17595
384 1 5 34 2 18 24 26 31 33 9 8 4 6 32 12 20 3 17 23 19 22 25 11 30 27 21 7 28 15 10 13 16 14 29  1.17595
385 1 5 34 2 18 24 26 31 33 9 8 4 6 32 12 20 3 17 23 19 22 25 11 30 27 21 7 28 15 10 13 16 14 29  1.17595
386 1 5 34 2 18 24 26 31 33 9 8 4 6 32 12 20 3 17 23 19 22 25 11 30 27 21 7 28 15 10 13 16 14 29  1.17595
387 1 5 34 2 18 24 26 31 33 9 8 4 6 32 12 20 3 17 23 19 22 25 11 30 27 21 7 28 15 10 13 16 14 29  1.17595
388 1 5 34 2 18 24 26 31 33 9 8 4 6 32 12 20 3 17 23 19 22 25 11 30 27 21 7 28 15 10 13 16 14 29  1.17595
389 1 5 34 2 18 24 26 31 33 9 8 4 6 32 12 20 3 17 23 19 22 25 11 30 27 21 7 28 15 10 13 16 14 29  1.17595
390 1 5 34 2 18 24 26 31 33 9 8 4 6 32 12 20 3 17 23 19 22 25 11 30 27 21 7 28 15 10 13 16 14 29  1.17595
391 1 5 34 2 18 24 26 31 33 9 8 4 6 32 12 20 3 17 23 19 22 25 11 30 27 21 7 28 15 10 13 16 14 29  1.17595
392 1 5 34 2 18 24 26 31 33 9 8 4 6 32 12 20 3 17 23 19 22 25 11 30 27 21 7 28 15 10 13 16 14 29  1.17595
393 1 5 34 2 18 24 4 31 33 9 8 26 6 32 12 20 3 17 23 19 22 25 11 30 27 21 7 28 15 10 13 16 14 29  1.17271
394 1 5 34 2 18 24 4 31 33 9 8 26 6 32 12 20 3 17 23 19 22 25 11 30 27 21 7 28 15 10 13 16 14 29  1.17271
395 1 5 34 2 18 24 4 31 33 9 8 26 6 32 12 20 3 17 23 19 22 25 11 30 27 21 7 28 15 10 13 16 14 29  1.17271
396 1 5 34 2 18 24 4 31 33 9 8 26 6 32 12 20 3 17 23 19 22 25 11 30 27 21 7 28 15 10 13 16 14 29  1.17271
397 1 5 34 2 18 24 4 31 33 9 8 26 6 32 12 20 3 17 23 19 22 25 11 30 27 21 7 28 15 10 13 16 14 29  1.17271
398 1 5 34 2 18 24 4 31 33 9 8 26 6 32 12 20 3 17 23 19 22 25 11 30 27 21 7 28 15 10 13 16 14 29  1.17271
399 1 5 34 2 18 24 4 31 33 9 8 26 6 32 12 20 3 17 23 19 22 25 11 30 27 21 7 28 15 10 13 16 14 29  1.17271
400 1 5 34 2 18 24 4 31 33 9 8 26 6 32 12 20 3 17 23 19 22 25 11 30 27 21 7 28 15 10 13 16 14 29  1.17271
401 1 5 34 2 18 24 4 31 33 9 8 26 6 32 12 20 3 17 23 19 22 25 11 30 27 21 7 28 15 10 13 16 14 29  1.17271
402 1 5 34 2 18 24 4 31 33 9 8 26 6 32 12 20 3 17 23 19 22 25 11 30 27 21 7 28 15 10 13 16 14 29  1.17271
403 1 5 34 2 18 24 4 31 33 9 8 26 6 32 12 20 3 17 23 19 22 25 11 30 27 21 7 28 15 10 13 16 14 29  1.17271
404 1 5 34 2 18 24 4 31 33 9 8 26 6 32 12 20 3 17 23 19 22 25 11 30 27 21 7 28 15 10 13 16 14 29  1.17271
405 1 5 34 2 18 24 4 31 33 9 8 26 6 32 12 20 3 17 23 19 22 25 11 30 27 21 7 28 15 10 13 16 14 29  1.17271
406 1 5 34 2 18 24 4 31 33 9 8 26 6 32 12 20 3 17 23 19 22 25 11 30 27 21 7 28 15 10 13 16 14 29  1.17271
407 1 5 34 2 18 24 4 31 33 9 8 26 6 32 12 20 3 17 23 19 22 25 11 30 27 21 7 28 15 10 13 16 14 29  1.17271
408 1 5 34 2 18 24 4 31 33 9 8 26 6 32 12 20 3 17 23 19 22 25 11 30 27 21 7 28 15 10 13 16 14 29  1.17271
409 1 5 34 2 18 24 4 31 33 9 8 26 6 32 12 20 3 17 23 19 22 25 11 30 27 21 7 28 15 10 13 16 14 29  1.17271
410 1 5 34 2 18 24 4 31 33 9 8 26 6 32 12 20 3 17 23 19 22 25 11 30 27 21 7 28 15 10 13 16 14 29  1.17271
411 1 5 34 2 18 24 4 31 33 9 8 26 6 32 12 20 3 17 23 19 22 25 11 30 27 21 7 28 15 10 13 16 14 29  1.17271
412 1 5 34 2 18 24 4 31 33 9 8 26 6 32 12 20 3 17 23 19 22 25 11 30 27 21 7 28 15 10 13 16 14 29  1.17271
413 1 5 34 2 18 24 4 31 33 9 8 26 6 32 12 20 3 17 23 19 22 25 11 30 27 21 7 28 15 10 13 16 14 29  1.17271
414 1 5 34 2 18 24 4 31 33 9 8 26 6 32 12 20 3 17 23 19 22 25 11 30 27 21 7 28 15 10 13 16 14 29  1.17271
415 1 5 34 2 18 24 4 31 33 9 8 26 6 32 12 20 3 17 23 19 22 25 11 30 27 21 7 28 15 10 13 16 14 29  1.17271
416 1 5 34 2 18 24 4 31 33 9 8 26 6 32 12 20 3 17 23 19 22 25 11 30 27 21 7 28 15 10 13 16 14 29  1.17271
417 1 5 34 2 18 24 4 31 33 9 8 26 6 32 12 20 3 17 23 19 22 25 11 30 27 21 7 28 15 10 13 16 14 29  1.17271
418 1 5 34 2 18 24 4 31 33 9 8 26 6 32 12 20 3 17 23 19 22 25 11 30 27 21 7 28 15 10 13 16 14 29  1.17271
419 1 5 34 2 18 24 4 31 33 9 8 26 6 32 12 20 3 17 23 19 22 25 11 30 27 21 7 28 15 10 13 16 14 29  1.17271
420 1 5 34 2 18 24 4 31 33 9 8 26 6 32 12 20 3 17 23 19 22 25 11 30 27 21 7 28 15 10 13 16 14 29  1.17271
421 1 5 34 2 18 24 4 31 33 9 8 26 6 32 12 20 3 17 23 19 22 25 11 30 27 21 7 28 15 10 13 16 14 29  1.17271
422 1 5 34 2 18 24 4 31 33 9 8 26 6 32 12 20 3 17 23 19 22 25 11 30 27 21 7 28 15 10 13 16 14 29  1.17271
423 1 5 34 2 18 24 4 31 33 9 8 26 6 32 12 20 3 17 23 19 22 25 11 30 27 21 7 28 15 10 13 16 14 29  1.17271
424 1 5 34 2 18 24 4 31 33 9 8 26 6 32 12 20 3 17 23 19 22 25 11 30 27 21 7 28 15 10 13 16 14 29  1.17271
425 1 5 34 2 18 24 4 31 33 9 8 26 6 32 12 20 3 17 23 19 22 25 11 30 27 21 7 28 15 10 13 16 14 29  1.17271
426 1 5 34 2 18 24 4 31 33 9 8 26 6 32 12 20 3 17 23 19 22 25 11 30 27 21 7 28 15 10 13 16 14 29  1.17271
427 1 5 34 2 18 24 4 31 33 9 8 26 6 32 12 20 3 17 23 19 22 25 11 30 27 21 7 28 15 10 13 16 14 29  1.17271
428 1 5 34 2 18 24 4 31 33 9 8 26 6 32 12 20 3 17 23 19 22 25 11 30 27 21 7 28 15 10 13 16 14 29  1.17271
429 1 5 34 2 18 24 4 31 33 9 8 26 6 32 12 20 3 17 23 19 22 25 11 30 27 21 7 28 15 10 13 16 14 29  1.17271
430 1 5 34 2 18 24 4 31 33 9 8 26 6 32 12 20 3 17 23 19 22 25 11 30 27 21 7 28 15 10 13 16 14 29  1.17271
431 1 5 34 2 18 24 4 31 33 9 8 26 6 32 12 20 3 17 23 19 22 25 11 30 27 21 7 28 15 10 13 16 14 29  1.17271
432 1 5 34 2 18 24 4 31 33 9 8 26 6 32 12 20 3 17 23 19 22 25 11 30 27 21 7 28 15 10 13 16 14 29  1.17271
433 1 5 34 2 18 24 4 31 33 9 8 26 6 32 12 20 3 17 23 19 22 25 11 30 27 21 7 28 15 10 13 16 14 29  1.17271
434 1 5 34 2 18 24 4 31 33 9 8 26 6 32 12 20 3 17 23 19 22 25 11 30 27 21 7 28 15 10 13 16 14 29  1.17271
435 1 5 34 2 18 24 4 31 33 9 8 26 6 32 12 20 3 17 23 19 22 25 11 30 27 21 7 28 15 10 13 16 14 29  1.17271
436 1 5 34 2 18 24 4 31 33 9 8 26 6 32 12 20 3 17 23 19 22 25 11 30 27 21 7 28 15 10 13 16 14 29  1.17271
437 1 5 34 2 18 24 4 31 33 9 8 26 6 32 12 20 3 17 23 19 22 25 11 30 27 21 7 28 15 10 13 16 14 29  1.17271
438 1 5 34 2 18 24 4 31 33 9 8 26 6 32 12 20 3 17 23 19 22 25 11 30 27 21 7 28 15 10 13 16 14 29  1.17271
439 1 5 34 2 18 24 4 31 33 9 8 26 6 32 12 20 3 17 23 19 22 25 11 30 27 21 7 28 15 10 13 16 14 29  1.17271
440 1 5 34 2 18 24 4 31 33 9 8 26 6 32 12 20 3 17 23 19 22 25 11 30 27 21 7 28 15 10 13 16 14 29  1.17271
441 1 5 34 2 18 24 4 31 33 9 8 26 6 32 12 20 17 3 23 19 22 25 11 30 27 21 7 28 15 10 13 16 14 29  1.15011
442 1 5 34 2 18 24 4 31 33 9 8 26 6 32 12 20 17 3 23 19 22 25 11 30 27 21 7 28 15 10 13 16 14 29  1.15011
443 1 5 34 2 18 24 4 31 33 9 8 26 6 32 12 20 17 3 23 19 22 25 11 30 27 21 7 28 15 10 13 16 14 29  1.15011
444 1 5 34 2 18 24 4 31 33 9 8 26 6 32 12 20 17 3 23 19 22 25 11 30 27 21 7 28 15 10 13 16 14 29  1.15011
445 1 5 34 2 18 24 4 31 33 9 8 26 6 32 12 20 17 3 23 19 22 25 11 30 27 21 7 28 15 10 13 16 14 29  1.15011
446 1 5 34 2 18 24 4 31 33 9 8 26 6 32 12 20 17 3 23 19 22 25 11 30 27 21 7 28 15 10 13 16 14 29  1.15011
447 1 5 34 2 18 24 4 31 33 9 8 26 6 32 12 20 17 3 23 19 22 25 11 30 27 21 7 28 15 10 13 16 14 29  1.15011
448 1 5 34 2 18 24 4 31 33 9 8 26 6 32 12 20 17 3 23 19 22 25 11 30 27 21 7 28 15 10 13 16 14 29  1.15011
449 1 5 34 2 18 24 4 31 33 9 8 26 6 32 12 20 17 3 23 19 22 25 11 30 27 21 7 28 15 10 13 16 14 29  1.15011
450 1 5 34 2 18 24 4 31 33 9 8 26 6 32 12 20 17 3 23 19 22 25 11 30 27 21 7 28 15 10 13 16 14 29  1.15011
451 1 5 34 2 18 24 4 31 33 9 8 26 6 32 12 20 17 3 23 19 22 25 11 30 27 21 7 28 15 10 13 16 14 29  1.15011
452 1 5 34 2 18 24 4 31 33 9 8 26 6 32 12 20 17 3 23 19 22 25 11 30 27 21 7 28 15 10 13 16 14 29  1.15011
453 1 5 34 2 18 24 4 31 33 9 8 26 6 32 12 20 17 3 23 19 22 25 11 30 27 21 7 28 15 10 13 16 14 29  1.15011
454 1 5 34 2 18 24 4 31 33 9 8 26 6 32 12 20 17 3 23 19 22 25 11 30 27 21 7 28 15 10 13 16 14 29  1.15011
455 1 5 34 2 18 24 4 31 33 9 8 26 6 32 12 20 17 3 23 19 22 25 11 30 27 21 7 28 15 10 13 16 14 29  1.15011
456 1 5 34 2 18 24 4 31 33 9 8 26 6 32 12 20 17 3 23 19 22 25 11 30 27 21 7 28 15 10 13 16 14 29  1.15011
457 1 5 34 2 18 24 4 31 33 9 8 26 6 32 12 20 17 3 23 19 22 25 11 30 27 21 7 28 15 10 13 16 14 29  1.15011
458 1 5 34 2 18 24 4 31 33 9 8 26 6 32 12 20 17 3 23 19 22 25 11 30 27 21 7 28 15 10 13 16 14 29  1.15011
459 1 5 34 2 18 24 4 31 33 9 8 26 6 32 12 20 17 3 23 19 22 25 11 30 27 21 7 28 15 10 13 16 14 29  1.15011
460 1 5 34 2 18 24 4 31 33 9 8 26 6 32 12 20 17 3 23 19 22 25 11 30 27 21 7 28 15 10 13 16 14 29  1.15011
461 1 5 34 2 18 24 4 31 33 9 8 26 6 32 12 20 17 3 23 19 22 25 11 30 27 21 7 28 15 10 13 16 14 29  1.15011
462 1 5 34 2 18 24 4 31 33 9 8 26 6 32 12 20 17 3 23 19 22 25 11 30 27 21 7 28 15 10 13 16 14 29  1.15011
463 1 5 34 2 18 24 4 31 33 9 8 26 6 32 12 20 17 3 23 19 22 25 11 30 27 21 7 28 15 10 13 16 14 29  1.15011
464 1 5 34 2 18 24 4 31 33 9 8 26 6 32 12 20 17 3 23 19 22 25 11 30 27 21 7 28 15 10 13 16 14 29  1.15011
465 1 5 34 2 18 24 4 31 33 9 8 26 6 32 12 20 17 3 23 19 22 25 11 30 27 21 7 28 15 10 13 16 14 29  1.15011
466 1 5 34 2 18 24 4 31 33 9 8 26 6 32 12 20 17 3 23 19 22 25 11 30 27 21 7 28 15 10 13 16 14 29  1.15011
467 1 5 34 2 18 24 4 31 33 9 8 26 6 32 12 20 17 3 23 19 22 25 11 30 27 21 7 28 15 10 13 16 14 29  1.15011
468 1 5 34 2 18 24 4 31 33 9 8 26 6 32 12 20 17 3 23 19 22 25 11 30 27 21 7 28 15 10 13 16 14 29  1.15011
469 1 5 34 2 18 24 4 31 33 9 8 26 6 32 12 20 17 3 23 19 22 25 11 30 27 21 7 28 15 10 13 16 14 29  1.15011
470 1 5 34 2 18 24 4 31 33 9 8 26 6 32 12 20 17 3 23 19 22 25 11 30 27 21 7 28 15 10 13 16 14 29  1.15011
471 1 5 34 2 18 24 4 31 33 9 8 26 6 32 12 20 17 3 23 19 22 25 11 30 27 21 7 28 15 10 13 16 14 29  1.15011
472 1 5 34 2 18 24 4 31 33 9 8 26 6 32 12 20 17 3 23 19 22 25 11 30 27 21 7 28 15 10 13 16 14 29  1.15011
473 1 5 34 2 18 24 4 31 33 9 8 26 6 32 12 20 17 3 23 19 22 25 11 30 27 21 7 28 15 10 13 16 14 29  1.15011
474 1 5 34 2 18 24 4 31 33 9 8 26 6 32 12 20 17 3 23 19 22 25 11 30 27 21 7 28 15 10 13 16 14 29  1.15011
475 1 5 34 2 18 24 4 31 33 9 8 26 6 32 12 20 17 3 23 19 22 25 11 30 27 21 7 28 15 10 13 16 14 29  1.15011
476 1 5 34 2 18 24 4 31 33 9 8 26 6 32 12 20 17 3 23 19 22 25 11 30 27 21 7 28 15 10 13 16 14 29  1.15011
477 1 5 34 2 18 24 4 31 33 9 8 26 6 32 12 20 17 3 23 19 22 25 11 30 27 21 7 28 15 10 13 16 14 29  1.15011
478 1 5 34 2 18 24 4 31 33 9 8 26 6 32 12 20 17 3 23 19 22 25 11 30 27 21 7 28 15 10 13 16 14 29  1.15011
479 1 5 34 2 18 24 4 31 33 9 8 26 6 32 12 20 17 3 23 19 22 25 11 30 27 21 7 28 15 10 13 16 14 29  1.15011
480 1 5 34 2 18 24 4 31 33 9 8 26 6 32 12 20 17 3 23 19 22 25 11 30 27 21 7 28 15 10 13 16 14 29  1.15011
481 1 5 34 2 18 24 4 31 33 9 8 26 6 32 12 20 17 3 23 19 22 25 11 30 27 21 7 28 15 10 13 16 14 29  1.15011
482 1 5 34 2 18 24 4 31 33 9 8 26 6 32 12 20 17 3 23 19 22 25 11 30 27 21 7 28 15 10 13 16 14 29  1.15011
483 1 5 34 2 18 24 4 31 33 9 8 26 6 32 12 20 17 3 23 19 22 25 11 30 27 21 7 28 15 10 13 16 14 29  1.15011
484 1 5 34 2 18 24 4 31 33 9 8 26 6 32 12 20 17 3 23 19 22 25 11 30 27 21 7 28 15 10 13 16 14 29  1.15011
485 1 5 34 2 18 24 4 31 33 9 8 26 6 32 12 20 17 3 23 19 22 25 11 30 27 21 7 28 15 10 13 16 14 29  1.15011
486 1 5 34 2 18 24 4 31 33 9 8 26 6 32 12 20 17 3 23 19 22 25 11 30 27 21 7 28 15 10 13 16 14 29  1.15011
487 1 5 34 2 18 24 4 31 33 9 8 26 6 32 12 20 17 3 23 19 22 25 11 30 27 21 7 28 15 10 13 16 14 29  1.15011
488 1 5 34 2 18 24 4 31 33 9 8 26 6 32 12 20 17 3 23 19 22 25 11 30 27 21 7 28 15 10 13 16 14 29  1.15011
489 1 5 34 2 18 24 4 31 33 9 8 26 6 32 12 20 17 3 23 19 22 25 11 30 27 21 7 28 15 10 13 16 14 29  1.15011
490 1 5 34 2 18 24 4 31 33 9 8 26 6 32 12 20 17 3 23 19 22 25 11 30 27 21 7 28 15 10 13 16 14 29  1.15011
491 1 5 34 2 18 24 4 31 33 9 8 26 6 32 12 20 17 3 23 19 22 25 11 30 27 21 7 28 15 10 13 16 14 29  1.15011
492 1 5 34 2 18 24 4 31 33 9 8 26 6 32 12 20 17 3 23 19 22 25 11 30 27 21 7 28 15 10 13 16 14 29  1.15011
493 1 5 34 2 18 24 4 31 33 9 8 26 6 32 12 20 17 3 23 19 22 25 11 30 27 21 7 28 15 10 13 16 14 29  1.15011
494 1 5 34 2 18 24 4 31 33 9 8 26 6 32 12 20 17 3 23 19 22 25 11 30 27 21 7 28 15 10 13 16 14 29  1.15011
495 1 5 34 2 18 24 4 31 33 9 8 26 6 32 12 20 17 3 23 19 22 25 11 30 27 21 7 28 15 10 13 16 14 29  1.15011
496 1 5 34 2 18 24 4 31 33 9 8 26 6 32 12 20 17 3 23 19 22 25 11 30 27 21 7 28 15 10 13 16 14 29  1.15011
497 1 5 34 2 18 24 4 31 33 9 8 26 6 32 12 20 17 3 23 19 22 25 11 30 27 21 7 28 15 10 13 16 14 29  1.15011
498 1 5 34 2 18 24 4 31 33 9 8 26 6 32 12 20 17 3 23 19 22 25 11 30 27 21 7 28 15 10 13 16 14 29  1.15011
499 1 5 34 2 18 24 4 31 33 9 8 26 6 32 12 20 17 3 23 19 22 25 11 30 27 21 7 28 15 10 13 16 14 29  1.15011
500 1 5 34 2 18 24 4 31 33 9 8 26 6 32 12 20 17 3 23 19 22 25 11 30 27 21 7 28 15 10 13 16 14 29  1.15011
