# Generazione: Individuo: Fitness:
0 1 12.4413
0 2 12.4945
0 3 12.9662
0 4 13.1207
0 5 14.2664
0 6 14.7879
1 1 6.21585
1 2 10.734
1 3 11.3647
1 4 12.0184
1 5 14.2259
1 6 14.3986
2 1 6.21585
2 2 6.21585
2 3 6.21585
2 4 10.734
2 5 12.0184
2 6 14.3986
3 1 6.21585
3 2 6.21585
3 3 6.21585
3 4 10.734
3 5 12.0184
3 6 14.3986
4 1 6.21585
4 2 6.21585
4 3 6.21585
4 4 10.734
4 5 12.0184
4 6 14.3986
5 1 6.21585
5 2 6.21585
5 3 6.21585
5 4 10.734
5 5 12.0184
5 6 14.3986
6 1 6.21585
6 2 6.21585
6 3 6.21585
6 4 10.734
6 5 12.0184
6 6 14.3986
7 1 6.21585
7 2 6.21585
7 3 6.21585
7 4 10.734
7 5 12.0184
7 6 14.3986
8 1 6.21585
8 2 6.21585
8 3 6.21585
8 4 10.734
8 5 12.0184
8 6 14.3986
9 1 6.21585
9 2 6.21585
9 3 10.734
9 4 12.0184
9 5 12.0184
9 6 14.3986
10 1 6.21585
10 2 10.734
10 3 12.0184
10 4 12.0184
10 5 14.3986
10 6 14.3986
11 1 6.21585
11 2 12.0184
11 3 12.0184
11 4 12.0184
11 5 14.3986
11 6 14.3986
12 1 6.21585
12 2 12.0184
12 3 12.0184
12 4 12.0184
12 5 14.3986
12 6 14.3986
13 1 6.21585
13 2 6.21585
13 3 12.0184
13 4 14.3986
13 5 14.3986
13 6 14.3986
14 1 6.21585
14 2 6.21585
14 3 12.0184
14 4 14.3986
14 5 14.3986
14 6 14.3986
15 1 6.21585
15 2 12.0184
15 3 12.0184
15 4 14.3986
15 5 14.3986
15 6 14.3986
16 1 6.90814
16 2 8.77443
16 3 11.2579
16 4 11.5135
16 5 14.3647
16 6 14.7041
17 1 6.90814
17 2 8.77443
17 3 11.2579
17 4 11.5135
17 5 14.3647
17 6 14.7041
18 1 6.90814
18 2 6.90814
18 3 8.77443
18 4 11.2579
18 5 14.3647
18 6 14.7041
19 1 6.90814
19 2 6.90814
19 3 8.77443
19 4 11.2579
19 5 14.3647
19 6 14.7041
20 1 6.90814
20 2 8.77443
20 3 8.77443
20 4 11.2579
20 5 14.3647
20 6 14.7041
21 1 6.90814
21 2 8.77443
21 3 8.77443
21 4 11.2579
21 5 14.3647
21 6 14.7041
22 1 6.90814
22 2 6.90814
22 3 6.90814
22 4 8.77443
22 5 14.3647
22 6 14.7041
23 1 6.90814
23 2 6.90814
23 3 6.90814
23 4 8.77443
23 5 14.3647
23 6 14.7041
24 1 4.88039
24 2 6.90814
24 3 7.54465
24 4 7.54465
24 5 8.2222
24 6 13.5401
25 1 4.88039
25 2 6.90814
25 3 7.54465
25 4 7.54465
25 5 8.2222
25 6 13.5401
26 1 4.88039
26 2 6.90814
26 3 7.54465
26 4 7.54465
26 5 8.2222
26 6 13.5401
27 1 4.88039
27 2 6.90814
27 3 7.54465
27 4 7.54465
27 5 8.2222
27 6 13.5401
28 1 4.88039
28 2 6.90814
28 3 7.54465
28 4 7.54465
28 5 8.2222
28 6 13.5401
29 1 4.88039
29 2 7.54465
29 3 7.54465
29 4 7.54465
29 5 8.2222
29 6 13.5401
30 1 4.88039
30 2 7.54465
30 3 7.54465
30 4 7.54465
30 5 8.2222
30 6 13.5401
31 1 4.88039
31 2 7.54465
31 3 7.54465
31 4 7.54465
31 5 8.2222
31 6 13.5401
32 1 4.88039
32 2 7.54465
32 3 7.54465
32 4 7.54465
32 5 8.2222
32 6 13.5401
33 1 7.54465
33 2 7.54465
33 3 8.2222
33 4 13.5401
33 5 13.5401
33 6 13.5401
34 1 7.54465
34 2 7.54465
34 3 8.2222
34 4 13.5401
34 5 13.5401
34 6 13.5401
35 1 7.54465
35 2 7.54465
35 3 8.2222
35 4 13.5401
35 5 13.5401
35 6 13.5401
36 1 7.54465
36 2 7.54465
36 3 8.2222
36 4 13.5401
36 5 13.5401
36 6 13.5401
37 1 7.54465
37 2 7.54465
37 3 8.2222
37 4 13.5401
37 5 13.5401
37 6 13.5401
38 1 7.54465
38 2 7.54465
38 3 7.54465
38 4 13.5401
38 5 13.5401
38 6 13.5401
39 1 7.54465
39 2 7.54465
39 3 7.54465
39 4 13.5401
39 5 13.5401
39 6 13.5401
40 1 7.54465
40 2 7.54465
40 3 7.54465
40 4 13.5401
40 5 13.5401
40 6 13.5401
41 1 7.54465
41 2 7.54465
41 3 7.54465
41 4 13.5401
41 5 13.5401
41 6 13.5401
42 1 7.54465
42 2 7.54465
42 3 7.54465
42 4 13.5401
42 5 13.5401
42 6 13.5401
43 1 7.54465
43 2 7.54465
43 3 7.54465
43 4 13.5401
43 5 13.5401
43 6 13.5401
44 1 7.54465
44 2 7.54465
44 3 7.54465
44 4 13.5401
44 5 13.5401
44 6 13.5401
45 1 7.54465
45 2 7.54465
45 3 7.54465
45 4 13.5401
45 5 13.5401
45 6 13.5401
46 1 7.54465
46 2 8.20617
46 3 8.32753
46 4 11.877
46 5 13.024
46 6 14.2288
47 1 7.54465
47 2 8.20617
47 3 8.32753
47 4 11.877
47 5 13.024
47 6 14.2288
48 1 7.54465
48 2 8.20617
48 3 8.32753
48 4 11.877
48 5 13.024
48 6 14.2288
49 1 7.54465
49 2 7.54465
49 3 8.32753
49 4 13.024
49 5 14.2288
49 6 14.2288
50 1 7.54465
50 2 8.32753
50 3 13.024
50 4 14.2288
50 5 14.2288
50 6 14.2288
51 1 7.54465
51 2 13.024
51 3 14.2288
51 4 14.2288
51 5 14.2288
51 6 14.2288
52 1 7.54465
52 2 13.024
52 3 14.2288
52 4 14.2288
52 5 14.2288
52 6 14.2288
53 1 7.54465
53 2 13.024
53 3 14.2288
53 4 14.2288
53 5 14.2288
53 6 14.2288
54 1 7.54465
54 2 13.024
54 3 14.2288
54 4 14.2288
54 5 14.2288
54 6 14.2288
55 1 7.54465
55 2 13.024
55 3 14.2288
55 4 14.2288
55 5 14.2288
55 6 14.2288
56 1 7.54465
56 2 13.024
56 3 14.2288
56 4 14.2288
56 5 14.2288
56 6 14.2288
57 1 7.54465
57 2 13.024
57 3 14.2288
57 4 14.2288
57 5 14.2288
57 6 14.2288
58 1 7.54465
58 2 13.024
58 3 14.2288
58 4 14.2288
58 5 14.2288
58 6 14.2288
59 1 7.54465
59 2 13.024
59 3 14.2288
59 4 14.2288
59 5 14.2288
59 6 14.2288
60 1 7.54465
60 2 13.024
60 3 14.2288
60 4 14.2288
60 5 14.2288
60 6 14.2288
61 1 9.55959
61 2 12.2056
61 3 13.3334
61 4 13.3394
61 5 13.8541
61 6 13.9048
62 1 9.55959
62 2 9.98662
62 3 12.028
62 4 12.4527
62 5 13.5868
62 6 14.27
63 1 12.028
63 2 12.028
63 3 12.4527
63 4 13.5868
63 5 14.27
63 6 14.27
64 1 12.028
64 2 12.028
64 3 12.4527
64 4 13.5868
64 5 14.27
64 6 14.27
65 1 12.028
65 2 12.4527
65 3 13.5868
65 4 14.27
65 5 14.27
65 6 14.27
66 1 12.028
66 2 12.4527
66 3 13.5868
66 4 14.27
66 5 14.27
66 6 14.27
67 1 7.40199
67 2 10.7385
67 3 12.0151
67 4 13.3011
67 5 13.7811
67 6 13.8056
68 1 8.77545
68 2 11.6289
68 3 11.7529
68 4 13.1777
68 5 13.7267
68 6 13.7854
69 1 8.77545
69 2 11.6289
69 3 11.7529
69 4 13.1777
69 5 13.7267
69 6 13.7854
70 1 8.77545
70 2 11.6289
70 3 11.7529
70 4 13.1777
70 5 13.7267
70 6 13.7854
71 1 8.37912
71 2 8.77545
71 3 10.3513
71 4 11.6335
71 5 11.74
71 6 13.2693
72 1 8.77545
72 2 10.3513
72 3 11.6335
72 4 11.74
72 5 13.2693
72 6 13.2693
73 1 8.77545
73 2 10.3513
73 3 11.6335
73 4 11.74
73 5 13.2693
73 6 13.2693
74 1 8.77545
74 2 10.3513
74 3 11.6335
74 4 11.74
74 5 13.2693
74 6 13.2693
75 1 8.77545
75 2 10.3513
75 3 11.6335
75 4 11.74
75 5 13.2693
75 6 13.2693
76 1 8.77545
76 2 8.77545
76 3 11.6335
76 4 13.2693
76 5 13.2693
76 6 13.2693
77 1 8.77545
77 2 11.6335
77 3 13.2693
77 4 13.2693
77 5 13.2693
77 6 13.2693
78 1 8.77545
78 2 11.6335
78 3 13.2693
78 4 13.2693
78 5 13.2693
78 6 13.2693
79 1 8.77545
79 2 13.2693
79 3 13.2693
79 4 13.2693
79 5 13.2693
79 6 13.2693
80 1 13.2693
80 2 13.2693
80 3 13.2693
80 4 13.2693
80 5 13.2693
80 6 13.2693
81 1 13.2693
81 2 13.2693
81 3 13.2693
81 4 13.2693
81 5 13.2693
81 6 13.2693
82 1 13.2693
82 2 13.2693
82 3 13.2693
82 4 13.2693
82 5 13.2693
82 6 13.2693
83 1 13.2693
83 2 13.2693
83 3 13.2693
83 4 13.2693
83 5 13.2693
83 6 13.2693
84 1 13.2693
84 2 13.2693
84 3 13.2693
84 4 13.2693
84 5 13.2693
84 6 13.2693
85 1 13.2693
85 2 13.2693
85 3 13.2693
85 4 13.2693
85 5 13.2693
85 6 13.2693
86 1 13.2693
86 2 13.2693
86 3 13.2693
86 4 13.2693
86 5 13.2693
86 6 13.2693
87 1 8.31137
87 2 10.2115
87 3 11.6118
87 4 13.2558
87 5 13.3616
87 6 13.9537
88 1 8.31137
88 2 10.2115
88 3 11.6118
88 4 13.2558
88 5 13.3616
88 6 13.9537
89 1 8.31137
89 2 10.2115
89 3 11.6118
89 4 13.2558
89 5 13.3616
89 6 13.9537
90 1 10.2115
90 2 11.6118
90 3 11.6118
90 4 13.2558
90 5 13.3616
90 6 13.9537
91 1 5.83839
91 2 10.414
91 3 12.7763
91 4 12.8131
91 5 13.5165
91 6 14.1112
92 1 5.83839
92 2 10.414
92 3 12.7763
92 4 12.8131
92 5 13.5165
92 6 14.1112
93 1 5.83839
93 2 10.414
93 3 12.7763
93 4 12.8131
93 5 13.5165
93 6 14.1112
94 1 5.83839
94 2 10.414
94 3 12.7763
94 4 12.8131
94 5 13.5165
94 6 14.1112
95 1 5.83839
95 2 10.414
95 3 12.7763
95 4 12.8131
95 5 13.5165
95 6 14.1112
96 1 5.83839
96 2 12.7763
96 3 12.8131
96 4 13.5165
96 5 13.5165
96 6 14.1112
97 1 5.83839
97 2 12.7763
97 3 12.8131
97 4 13.5165
97 5 13.5165
97 6 14.1112
98 1 5.83839
98 2 12.8131
98 3 13.5165
98 4 13.5165
98 5 14.1112
98 6 14.1112
99 1 5.83839
99 2 12.8131
99 3 13.5165
99 4 13.5165
99 5 14.1112
99 6 14.1112
100 1 6.44872
100 2 6.62711
100 3 13.2319
100 4 13.517
100 5 13.7113
100 6 15.0496
101 1 6.44872
101 2 6.62711
101 3 13.4839
101 4 13.5788
101 5 13.7187
101 6 13.7779
102 1 5.84629
102 2 6.62711
102 3 9.65526
102 4 12.9106
102 5 13.3232
102 6 13.4538
103 1 5.69745
103 2 6.62711
103 3 8.56178
103 4 8.71174
103 5 12.7508
103 6 13.4808
104 1 5.69745
104 2 8.56178
104 3 8.56178
104 4 8.71174
104 5 12.7508
104 6 13.4808
105 1 5.69745
105 2 8.56178
105 3 8.56178
105 4 8.71174
105 5 12.7508
105 6 13.4808
106 1 5.69745
106 2 8.56178
106 3 8.56178
106 4 8.71174
106 5 12.7508
106 6 13.4808
107 1 5.69745
107 2 8.56178
107 3 8.56178
107 4 8.71174
107 5 12.7508
107 6 13.4808
108 1 5.94426
108 2 8.58628
108 3 9.22916
108 4 10.3452
108 5 12.1668
108 6 13.5271
109 1 5.94426
109 2 9.22916
109 3 10.3452
109 4 10.3452
109 5 12.1668
109 6 13.5271
110 1 5.94426
110 2 9.22916
110 3 10.3452
110 4 10.3452
110 5 12.1668
110 6 13.5271
111 1 5.94426
111 2 9.22916
111 3 10.3452
111 4 10.3452
111 5 12.1668
111 6 13.5271
112 1 5.94426
112 2 9.22916
112 3 10.3452
112 4 10.3452
112 5 12.1668
112 6 13.5271
113 1 5.94426
113 2 5.94426
113 3 9.22916
113 4 9.22916
113 5 10.3452
113 6 12.1668
114 1 5.94426
114 2 5.94426
114 3 9.22916
114 4 9.22916
114 5 10.3452
114 6 12.1668
115 1 4.0004
115 2 6.08127
115 3 6.30455
115 4 9.28137
115 5 9.99243
115 6 12.6513
116 1 4.0004
116 2 6.08127
116 3 6.30455
116 4 9.28137
116 5 9.99243
116 6 12.6513
117 1 4.0004
117 2 6.30455
117 3 6.43875
117 4 8.66772
117 5 9.01145
117 6 12.7139
118 1 6.30455
118 2 6.43875
118 3 8.66772
118 4 9.01145
118 5 9.01145
118 6 12.7139
119 1 6.30455
119 2 6.43875
119 3 8.66772
119 4 9.01145
119 5 9.01145
119 6 12.7139
120 1 8.66772
120 2 9.01145
120 3 9.01145
120 4 9.01145
120 5 12.7139
120 6 12.7139
121 1 8.66772
121 2 9.01145
121 3 9.01145
121 4 9.01145
121 5 12.7139
121 6 12.7139
122 1 8.66772
122 2 9.01145
122 3 9.01145
122 4 9.01145
122 5 12.7139
122 6 12.7139
123 1 7.11953
123 2 8.35808
123 3 9.01145
123 4 9.08652
123 5 10.2011
123 6 12.8889
124 1 7.11953
124 2 9.01145
124 3 9.08652
124 4 10.2011
124 5 10.2011
124 6 12.8889
125 1 5.88221
125 2 9.66117
125 3 10.2448
125 4 10.4017
125 5 10.5149
125 6 13.0837
126 1 5.88221
126 2 9.66117
126 3 10.2448
126 4 10.4017
126 5 10.5149
126 6 13.0837
127 1 5.88221
127 2 9.66117
127 3 10.2448
127 4 10.4017
127 5 10.5149
127 6 13.0837
128 1 9.66117
128 2 10.2448
128 3 10.4017
128 4 10.5149
128 5 10.5149
128 6 13.0837
129 1 9.66117
129 2 10.2448
129 3 10.4017
129 4 10.5149
129 5 10.5149
129 6 13.0837
130 1 9.66117
130 2 10.2448
130 3 10.4017
130 4 10.5149
130 5 10.5149
130 6 13.0837
131 1 9.66117
131 2 10.2448
131 3 10.4017
131 4 10.5149
131 5 10.5149
131 6 13.0837
132 1 9.66117
132 2 10.2448
132 3 10.4017
132 4 10.5149
132 5 10.5149
132 6 13.0837
133 1 9.66117
133 2 10.2448
133 3 10.4017
133 4 10.5149
133 5 10.5149
133 6 13.0837
134 1 9.66117
134 2 10.2448
134 3 10.4017
134 4 10.5149
134 5 10.5149
134 6 13.0837
135 1 9.66117
135 2 10.4017
135 3 10.5149
135 4 10.5149
135 5 10.5149
135 6 13.0837
136 1 10.5149
136 2 10.5149
136 3 10.5149
136 4 10.5149
136 5 10.5149
136 6 13.0837
137 1 10.5149
137 2 10.5149
137 3 10.5149
137 4 10.5149
137 5 10.5149
137 6 13.0837
138 1 10.5149
138 2 10.5149
138 3 10.5149
138 4 10.5149
138 5 10.5149
138 6 13.0837
139 1 10.5149
139 2 10.5149
139 3 10.5149
139 4 10.5149
139 5 10.5149
139 6 13.0837
140 1 10.5149
140 2 10.5149
140 3 10.5149
140 4 10.5149
140 5 10.5149
140 6 13.0837
141 1 10.5149
141 2 10.5149
141 3 10.5149
141 4 10.5149
141 5 10.5149
141 6 13.0837
142 1 10.5149
142 2 10.5149
142 3 10.5149
142 4 10.5149
142 5 10.5149
142 6 13.0837
143 1 10.5149
143 2 10.5149
143 3 10.5149
143 4 10.5149
143 5 10.5149
143 6 13.0837
144 1 10.5149
144 2 10.5149
144 3 10.5149
144 4 10.5149
144 5 10.5149
144 6 13.0837
145 1 10.5149
145 2 10.5149
145 3 10.5149
145 4 10.5149
145 5 10.5149
145 6 13.0837
146 1 10.5149
146 2 10.5149
146 3 10.5149
146 4 10.5149
146 5 10.5149
146 6 13.0837
147 1 10.5149
147 2 10.5149
147 3 10.5149
147 4 10.5149
147 5 10.5149
147 6 13.0837
148 1 10.5149
148 2 10.5149
148 3 10.5149
148 4 10.5149
148 5 10.5149
148 6 13.0837
149 1 10.5149
149 2 10.5149
149 3 10.5149
149 4 10.5149
149 5 10.5149
149 6 13.0837
150 1 10.5149
150 2 10.5149
150 3 10.5149
150 4 10.5149
150 5 10.5149
150 6 13.0837
151 1 10.5149
151 2 10.5149
151 3 10.5149
151 4 10.5149
151 5 10.5149
151 6 13.0837
152 1 10.5149
152 2 10.5149
152 3 10.5149
152 4 10.5149
152 5 10.5149
152 6 13.0837
153 1 10.5149
153 2 10.5149
153 3 10.5149
153 4 10.5149
153 5 10.5149
153 6 13.0837
154 1 10.5149
154 2 10.5149
154 3 10.5149
154 4 10.5149
154 5 10.5149
154 6 13.0837
155 1 10.5149
155 2 10.5149
155 3 10.5149
155 4 10.5149
155 5 10.5149
155 6 13.0837
156 1 10.5149
156 2 10.5149
156 3 10.5149
156 4 10.5149
156 5 13.0837
156 6 13.0837
157 1 10.5149
157 2 10.5149
157 3 10.5149
157 4 10.5149
157 5 13.0837
157 6 13.0837
158 1 10.5149
158 2 10.5149
158 3 10.5149
158 4 10.5149
158 5 13.0837
158 6 13.0837
159 1 10.5149
159 2 10.5149
159 3 10.5149
159 4 13.0837
159 5 13.0837
159 6 13.0837
160 1 10.5149
160 2 10.5149
160 3 13.0837
160 4 13.0837
160 5 13.0837
160 6 13.0837
161 1 10.5149
161 2 10.5149
161 3 13.0837
161 4 13.0837
161 5 13.0837
161 6 13.0837
162 1 10.1403
162 2 10.4003
162 3 12.1694
162 4 12.5703
162 5 13.0699
162 6 14.2607
163 1 10.1403
163 2 10.4003
163 3 12.1694
163 4 12.5703
163 5 13.0699
163 6 14.2607
164 1 10.1403
164 2 10.4003
164 3 12.1694
164 4 12.5703
164 5 13.0699
164 6 14.2607
165 1 10.1403
165 2 12.1694
165 3 12.1694
165 4 12.5703
165 5 13.0699
165 6 14.2607
166 1 10.1403
166 2 12.1694
166 3 12.1694
166 4 12.5703
166 5 13.0699
166 6 14.2607
167 1 10.1403
167 2 12.1694
167 3 12.1694
167 4 12.5703
167 5 13.0699
167 6 14.2607
168 1 10.1403
168 2 12.1694
168 3 12.1694
168 4 12.5703
168 5 13.0699
168 6 14.2607
169 1 10.1403
169 2 12.1694
169 3 12.1694
169 4 12.5703
169 5 13.0699
169 6 14.2607
170 1 10.1403
170 2 10.1403
170 3 12.1694
170 4 13.0699
170 5 14.2607
170 6 14.2607
171 1 10.1403
171 2 10.1403
171 3 10.1403
171 4 14.2607
171 5 14.2607
171 6 14.2607
172 1 10.1403
172 2 10.1403
172 3 14.2607
172 4 14.2607
172 5 14.2607
172 6 14.2607
173 1 14.2607
173 2 14.2607
173 3 14.2607
173 4 14.2607
173 5 14.2607
173 6 14.2607
174 1 14.2607
174 2 14.2607
174 3 14.2607
174 4 14.2607
174 5 14.2607
174 6 14.2607
175 1 14.2607
175 2 14.2607
175 3 14.2607
175 4 14.2607
175 5 14.2607
175 6 14.2607
176 1 14.2607
176 2 14.2607
176 3 14.2607
176 4 14.2607
176 5 14.2607
176 6 14.2607
177 1 14.2607
177 2 14.2607
177 3 14.2607
177 4 14.2607
177 5 14.2607
177 6 14.2607
178 1 11.8009
178 2 12.9434
178 3 13.8858
178 4 14.0976
178 5 14.6202
178 6 14.9404
179 1 11.8009
179 2 12.9434
179 3 13.8858
179 4 14.0976
179 5 14.6202
179 6 14.9404
180 1 12.9434
180 2 13.8858
180 3 14.0976
180 4 14.6202
180 5 14.9404
180 6 14.9404
181 1 9.38836
181 2 11.0379
181 3 12.6311
181 4 13.0276
181 5 14.2291
181 6 14.7394
182 1 9.38836
182 2 12.6311
182 3 13.0276
182 4 14.2291
182 5 14.2291
182 6 14.7394
183 1 9.38836
183 2 13.0276
183 3 13.0276
183 4 14.2291
183 5 14.2291
183 6 14.7394
184 1 9.38836
184 2 13.0276
184 3 13.0276
184 4 14.2291
184 5 14.2291
184 6 14.7394
185 1 9.38836
185 2 13.0276
185 3 13.0276
185 4 14.2291
185 5 14.2291
185 6 14.7394
186 1 9.38836
186 2 13.0276
186 3 13.0276
186 4 14.2291
186 5 14.2291
186 6 14.7394
187 1 13.0276
187 2 14.2291
187 3 14.2291
187 4 14.2291
187 5 14.7394
187 6 14.7394
188 1 10.2687
188 2 13.4941
188 3 14.3468
188 4 14.424
188 5 14.4827
188 6 14.8808
189 1 10.2687
189 2 13.4941
189 3 14.3468
189 4 14.424
189 5 14.4827
189 6 14.8808
190 1 10.2687
190 2 13.689
190 3 13.738
190 4 13.8356
190 5 14.278
190 6 14.9746
191 1 10.2687
191 2 13.689
191 3 13.738
191 4 13.8356
191 5 14.278
191 6 14.9746
192 1 10.2687
192 2 13.689
192 3 13.738
192 4 13.8356
192 5 14.278
192 6 14.9746
193 1 10.2687
193 2 13.689
193 3 13.738
193 4 13.8356
193 5 14.278
193 6 14.9746
194 1 10.2687
194 2 13.689
194 3 13.738
194 4 13.8356
194 5 14.278
194 6 14.9746
195 1 10.2687
195 2 13.689
195 3 13.738
195 4 13.8356
195 5 14.278
195 6 14.9746
196 1 10.2687
196 2 13.689
196 3 13.738
196 4 13.8356
196 5 14.278
196 6 14.9746
197 1 10.2687
197 2 13.689
197 3 13.738
197 4 13.8356
197 5 14.278
197 6 14.9746
198 1 10.2687
198 2 13.689
198 3 13.738
198 4 13.8356
198 5 14.278
198 6 14.9746
199 1 10.2687
199 2 13.689
199 3 13.738
199 4 13.8356
199 5 14.278
199 6 14.9746
200 1 13.738
200 2 13.8356
200 3 13.8356
200 4 14.278
200 5 14.278
200 6 14.9746
201 1 13.738
201 2 13.8356
201 3 13.8356
201 4 14.278
201 5 14.278
201 6 14.9746
202 1 13.738
202 2 13.8356
202 3 13.8356
202 4 14.278
202 5 14.278
202 6 14.9746
203 1 13.738
203 2 13.8356
203 3 13.8356
203 4 14.278
203 5 14.278
203 6 14.9746
204 1 13.8356
204 2 13.8356
204 3 13.8356
204 4 14.278
204 5 14.278
204 6 14.9746
205 1 13.8356
205 2 13.8356
205 3 13.8356
205 4 14.278
205 5 14.278
205 6 14.9746
206 1 13.8356
206 2 14.278
206 3 14.278
206 4 14.278
206 5 14.9746
206 6 14.9746
207 1 13.8356
207 2 14.278
207 3 14.278
207 4 14.9746
207 5 14.9746
207 6 14.9746
208 1 13.8356
208 2 14.278
208 3 14.278
208 4 14.9746
208 5 14.9746
208 6 14.9746
209 1 13.8356
209 2 14.278
209 3 14.278
209 4 14.9746
209 5 14.9746
209 6 14.9746
210 1 13.8356
210 2 14.278
210 3 14.9746
210 4 14.9746
210 5 14.9746
210 6 14.9746
211 1 13.8356
211 2 14.278
211 3 14.9746
211 4 14.9746
211 5 14.9746
211 6 14.9746
212 1 13.8356
212 2 14.278
212 3 14.9746
212 4 14.9746
212 5 14.9746
212 6 14.9746
213 1 13.8356
213 2 13.8356
213 3 13.8356
213 4 14.278
213 5 14.9746
213 6 14.9746
214 1 4.21619
214 2 10.5548
214 3 12.0186
214 4 13.6193
214 5 14.1129
214 6 15.0392
215 1 4.21619
215 2 12.0186
215 3 13.6193
215 4 13.6193
215 5 14.1129
215 6 15.0392
216 1 4.21619
216 2 12.0186
216 3 13.6193
216 4 13.6193
216 5 14.1129
216 6 15.0392
217 1 4.21619
217 2 12.0186
217 3 13.6193
217 4 13.6193
217 5 14.1129
217 6 15.0392
218 1 4.21619
218 2 12.0186
218 3 13.6193
218 4 13.6193
218 5 14.1129
218 6 15.0392
219 1 4.21619
219 2 13.6193
219 3 13.6193
219 4 14.1129
219 5 15.0392
219 6 15.0392
220 1 13.8673
220 2 13.9536
220 3 13.9947
220 4 14.0249
220 5 14.3542
220 6 15.505
221 1 13.8673
221 2 13.9536
221 3 13.9947
221 4 14.0249
221 5 14.3542
221 6 15.505
222 1 13.8673
222 2 13.9536
222 3 13.9947
222 4 14.0249
222 5 14.3542
222 6 15.505
223 1 12.0689
223 2 13.9691
223 3 14.0951
223 4 14.4116
223 5 14.9656
223 6 15.4039
224 1 12.0689
224 2 13.9691
224 3 14.0951
224 4 14.4116
224 5 14.9656
224 6 15.4039
225 1 12.0689
225 2 14.0951
225 3 14.0951
225 4 14.9656
225 5 14.9656
225 6 15.4039
226 1 14.0951
226 2 14.0951
226 3 14.9656
226 4 14.9656
226 5 15.4039
226 6 15.4039
227 1 8.42789
227 2 12.522
227 3 13.5657
227 4 14.1008
227 5 14.4322
227 6 15.8128
228 1 12.522
228 2 13.5657
228 3 14.1008
228 4 14.1008
228 5 14.4322
228 6 15.8128
229 1 14.1008
229 2 14.1008
229 3 14.1008
229 4 14.1008
229 5 14.4322
229 6 15.8128
230 1 14.1008
230 2 14.1008
230 3 14.1008
230 4 14.1008
230 5 14.4322
230 6 15.8128
231 1 14.1008
231 2 14.1008
231 3 14.1008
231 4 14.1008
231 5 14.4322
231 6 15.8128
232 1 14.1008
232 2 14.1008
232 3 14.1008
232 4 14.1008
232 5 14.4322
232 6 15.8128
233 1 14.1008
233 2 14.1008
233 3 14.1008
233 4 14.1008
233 5 14.1008
233 6 14.1008
234 1 14.1008
234 2 14.1008
234 3 14.1008
234 4 14.1008
234 5 14.1008
234 6 14.1008
235 1 14.1008
235 2 14.1008
235 3 14.1008
235 4 14.1008
235 5 14.1008
235 6 14.1008
236 1 14.1008
236 2 14.1008
236 3 14.1008
236 4 14.1008
236 5 14.1008
236 6 14.1008
237 1 14.1008
237 2 14.1008
237 3 14.1008
237 4 14.1008
237 5 14.1008
237 6 14.1008
238 1 14.1008
238 2 14.1008
238 3 14.1008
238 4 14.1008
238 5 14.1008
238 6 14.1008
239 1 14.1008
239 2 14.1008
239 3 14.1008
239 4 14.1008
239 5 14.1008
239 6 14.1008
240 1 14.1008
240 2 14.1008
240 3 14.1008
240 4 14.1008
240 5 14.1008
240 6 14.1008
241 1 14.1008
241 2 14.1008
241 3 14.1008
241 4 14.1008
241 5 14.1008
241 6 14.1008
242 1 14.1008
242 2 14.1008
242 3 14.1008
242 4 14.1008
242 5 14.1008
242 6 14.1008
243 1 14.1008
243 2 14.1008
243 3 14.1008
243 4 14.1008
243 5 14.1008
243 6 14.1008
244 1 14.1008
244 2 14.1008
244 3 14.1008
244 4 14.1008
244 5 14.1008
244 6 14.1008
245 1 14.1008
245 2 14.1008
245 3 14.1008
245 4 14.1008
245 5 14.1008
245 6 14.1008
246 1 14.1008
246 2 14.1008
246 3 14.1008
246 4 14.1008
246 5 14.1008
246 6 14.1008
247 1 14.1008
247 2 14.1008
247 3 14.1008
247 4 14.1008
247 5 14.1008
247 6 14.1008
248 1 14.1008
248 2 14.1008
248 3 14.1008
248 4 14.1008
248 5 14.1008
248 6 14.1008
249 1 14.1008
249 2 14.1008
249 3 14.1008
249 4 14.1008
249 5 14.1008
249 6 14.1008
250 1 14.1008
250 2 14.1008
250 3 14.1008
250 4 14.1008
250 5 14.1008
250 6 14.1008
251 1 12.1346
251 2 12.6584
251 3 12.9721
251 4 13.3963
251 5 13.9002
251 6 14.265
252 1 12.1346
252 2 12.9721
252 3 12.9721
252 4 13.3963
252 5 13.9002
252 6 14.265
253 1 7.75207
253 2 12.4144
253 3 12.8097
253 4 13.5172
253 5 14.0533
253 6 14.5102
254 1 7.75207
254 2 12.4144
254 3 12.8097
254 4 13.5172
254 5 14.0533
254 6 14.5102
255 1 7.75207
255 2 12.4144
255 3 12.8097
255 4 13.5172
255 5 14.0533
255 6 14.5102
256 1 7.75207
256 2 12.4144
256 3 12.8097
256 4 13.5172
256 5 14.0533
256 6 14.5102
257 1 7.75207
257 2 12.4144
257 3 12.8097
257 4 13.5172
257 5 14.0533
257 6 14.5102
258 1 7.75207
258 2 12.4144
258 3 12.8097
258 4 13.5172
258 5 14.0533
258 6 14.5102
259 1 7.75207
259 2 12.4144
259 3 12.8097
259 4 13.5172
259 5 14.0533
259 6 14.5102
260 1 7.75207
260 2 12.4144
260 3 12.8097
260 4 13.5172
260 5 14.0533
260 6 14.5102
261 1 7.75207
261 2 12.4144
261 3 12.8097
261 4 13.5172
261 5 14.0533
261 6 14.5102
262 1 7.75207
262 2 12.4144
262 3 12.8097
262 4 13.5172
262 5 14.0533
262 6 14.5102
263 1 7.75207
263 2 12.4144
263 3 12.8097
263 4 13.5172
263 5 14.0533
263 6 14.5102
264 1 7.75207
264 2 12.4144
264 3 12.8097
264 4 13.5172
264 5 14.0533
264 6 14.5102
265 1 7.75207
265 2 12.4144
265 3 12.8097
265 4 13.5172
265 5 14.0533
265 6 14.5102
266 1 7.75207
266 2 12.4144
266 3 12.8097
266 4 13.5172
266 5 14.0533
266 6 14.5102
267 1 7.75207
267 2 12.4144
267 3 12.8097
267 4 13.5172
267 5 14.0533
267 6 14.5102
268 1 12.8097
268 2 12.8097
268 3 13.5172
268 4 13.5172
268 5 14.0533
268 6 14.5102
269 1 12.8097
269 2 13.5172
269 3 13.5172
269 4 14.0533
269 5 14.5102
269 6 14.5102
270 1 12.8097
270 2 13.5172
270 3 13.5172
270 4 14.0533
270 5 14.5102
270 6 14.5102
271 1 12.8097
271 2 13.5172
271 3 14.0533
271 4 14.0533
271 5 14.5102
271 6 14.5102
272 1 12.8097
272 2 13.5172
272 3 14.0533
272 4 14.0533
272 5 14.5102
272 6 14.5102
273 1 12.8097
273 2 13.5172
273 3 14.0533
273 4 14.0533
273 5 14.5102
273 6 14.5102
274 1 14.0533
274 2 14.0533
274 3 14.0533
274 4 14.5102
274 5 14.5102
274 6 14.5102
275 1 14.0533
275 2 14.0533
275 3 14.0533
275 4 14.5102
275 5 14.5102
275 6 14.5102
276 1 14.0533
276 2 14.0533
276 3 14.0533
276 4 14.5102
276 5 14.5102
276 6 14.5102
277 1 14.0533
277 2 14.0533
277 3 14.0533
277 4 14.0533
277 5 14.5102
277 6 14.5102
278 1 14.0533
278 2 14.0533
278 3 14.0533
278 4 14.5102
278 5 14.5102
278 6 14.5102
279 1 14.0533
279 2 14.0533
279 3 14.0533
279 4 14.5102
279 5 14.5102
279 6 14.5102
280 1 14.0533
280 2 14.0533
280 3 14.0533
280 4 14.5102
280 5 14.5102
280 6 14.5102
281 1 14.0533
281 2 14.0533
281 3 14.0533
281 4 14.5102
281 5 14.5102
281 6 14.5102
282 1 14.0533
282 2 14.0533
282 3 14.0533
282 4 14.5102
282 5 14.5102
282 6 14.5102
283 1 14.0533
283 2 14.0533
283 3 14.0533
283 4 14.5102
283 5 14.5102
283 6 14.5102
284 1 14.0533
284 2 14.0533
284 3 14.0533
284 4 14.5102
284 5 14.5102
284 6 14.5102
285 1 14.0533
285 2 14.0533
285 3 14.0533
285 4 14.5102
285 5 14.5102
285 6 14.5102
286 1 14.0533
286 2 14.0533
286 3 14.0533
286 4 14.5102
286 5 14.5102
286 6 14.5102
287 1 14.0533
287 2 14.0533
287 3 14.0533
287 4 14.5102
287 5 14.5102
287 6 14.5102
288 1 14.0533
288 2 14.0533
288 3 14.0533
288 4 14.5102
288 5 14.5102
288 6 14.5102
289 1 14.0533
289 2 14.0533
289 3 14.0533
289 4 14.5102
289 5 14.5102
289 6 14.5102
290 1 14.0533
290 2 14.0533
290 3 14.0533
290 4 14.5102
290 5 14.5102
290 6 14.5102
291 1 14.0533
291 2 14.0533
291 3 14.5102
291 4 14.5102
291 5 14.5102
291 6 14.5102
292 1 14.0533
292 2 14.0533
292 3 14.5102
292 4 14.5102
292 5 14.5102
292 6 14.5102
293 1 14.0533
293 2 14.0533
293 3 14.5102
293 4 14.5102
293 5 14.5102
293 6 14.5102
294 1 14.0533
294 2 14.0533
294 3 14.0533
294 4 14.5102
294 5 14.5102
294 6 14.5102
295 1 14.0533
295 2 14.0533
295 3 14.0533
295 4 14.5102
295 5 14.5102
295 6 14.5102
296 1 13.6373
296 2 13.9016
296 3 14.1753
296 4 14.6754
296 5 14.7171
296 6 15.5402
297 1 13.9016
297 2 14.1753
297 3 14.1753
297 4 14.6754
297 5 14.7171
297 6 15.5402
298 1 13.9016
298 2 14.1753
298 3 14.1753
298 4 14.6754
298 5 14.7171
298 6 15.5402
299 1 13.9016
299 2 13.9016
299 3 13.9016
299 4 14.1753
299 5 14.1753
299 6 14.6754
300 1 13.9016
300 2 13.9016
300 3 14.1753
300 4 14.1753
300 5 14.6754
300 6 14.6754
301 1 14.1753
301 2 14.1753
301 3 14.1753
301 4 14.1753
301 5 14.6754
301 6 14.6754
302 1 14.1753
302 2 14.1753
302 3 14.1753
302 4 14.1753
302 5 14.6754
302 6 14.6754
303 1 14.1753
303 2 14.1753
303 3 14.1753
303 4 14.1753
303 5 14.6754
303 6 14.6754
304 1 14.1753
304 2 14.1753
304 3 14.1753
304 4 14.1753
304 5 14.6754
304 6 14.6754
305 1 13.5958
305 2 13.6304
305 3 13.7958
305 4 13.8201
305 5 14.0435
305 6 14.4195
306 1 13.5958
306 2 13.7958
306 3 13.8201
306 4 14.0435
306 5 14.0435
306 6 14.4195
307 1 13.5958
307 2 13.7958
307 3 13.8201
307 4 14.0435
307 5 14.0435
307 6 14.4195
308 1 13.5958
308 2 13.7958
308 3 13.8201
308 4 14.0435
308 5 14.0435
308 6 14.4195
309 1 13.5958
309 2 13.7958
309 3 13.8201
309 4 14.0435
309 5 14.0435
309 6 14.4195
310 1 10.9251
310 2 13.7502
310 3 13.8506
310 4 13.8763
310 5 13.954
310 6 14.0547
311 1 10.9251
311 2 13.7502
311 3 13.8506
311 4 13.8763
311 5 13.954
311 6 14.0547
312 1 10.9251
312 2 13.7502
312 3 13.8506
312 4 13.8763
312 5 13.954
312 6 14.0547
313 1 10.9251
313 2 13.7502
313 3 13.8506
313 4 13.8763
313 5 13.954
313 6 14.0547
314 1 10.9251
314 2 13.7502
314 3 13.8506
314 4 13.8763
314 5 13.954
314 6 14.0547
315 1 11.754
315 2 13.7664
315 3 13.9366
315 4 14.17
315 5 14.414
315 6 14.5214
316 1 11.754
316 2 13.9366
316 3 14.17
316 4 14.414
316 5 14.414
316 6 14.5214
317 1 11.754
317 2 11.754
317 3 11.754
317 4 14.414
317 5 14.414
317 6 14.414
318 1 11.754
318 2 11.754
318 3 11.754
318 4 11.754
318 5 14.414
318 6 14.414
319 1 2.81385
319 2 7.69655
319 3 11.4582
319 4 11.6171
319 5 12.5244
319 6 15.1541
320 1 2.81385
320 2 2.81385
320 3 7.69655
320 4 7.69655
320 5 12.5244
320 6 15.1541
321 1 2.81385
321 2 7.69655
321 3 7.69655
321 4 7.69655
321 5 12.5244
321 6 15.1541
322 1 2.81385
322 2 7.69655
322 3 7.69655
322 4 7.69655
322 5 12.5244
322 6 15.1541
323 1 2.81385
323 2 7.69655
323 3 7.69655
323 4 7.69655
323 5 12.5244
323 6 15.1541
324 1 2.81385
324 2 7.69655
324 3 7.69655
324 4 7.69655
324 5 12.5244
324 6 15.1541
325 1 2.81385
325 2 7.69655
325 3 7.69655
325 4 7.69655
325 5 12.5244
325 6 15.1541
326 1 2.81385
326 2 2.81385
326 3 7.69655
326 4 7.69655
326 5 12.5244
326 6 15.1541
327 1 2.81385
327 2 7.69655
327 3 7.69655
327 4 12.5244
327 5 12.5244
327 6 15.1541
328 1 7.69655
328 2 7.69655
328 3 12.5244
328 4 12.5244
328 5 12.5244
328 6 15.1541
329 1 7.69655
329 2 7.69655
329 3 12.5244
329 4 12.5244
329 5 12.5244
329 6 15.1541
330 1 7.69655
330 2 7.69655
330 3 12.5244
330 4 12.5244
330 5 15.1541
330 6 15.1541
331 1 7.69655
331 2 7.69655
331 3 12.3715
331 4 12.4198
331 5 13.8497
331 6 15.6358
332 1 7.69655
332 2 7.69655
332 3 12.3715
332 4 12.4198
332 5 13.8497
332 6 15.6358
333 1 7.69655
333 2 7.69655
333 3 12.3715
333 4 12.4198
333 5 13.8497
333 6 15.6358
334 1 7.69655
334 2 7.69655
334 3 12.3715
334 4 12.4198
334 5 13.8497
334 6 15.6358
335 1 7.69655
335 2 7.69655
335 3 12.3715
335 4 12.4198
335 5 13.8497
335 6 15.6358
336 1 7.69655
336 2 7.69655
336 3 12.3715
336 4 12.4198
336 5 13.8497
336 6 15.6358
337 1 7.69655
337 2 7.69655
337 3 12.3715
337 4 12.4198
337 5 13.8497
337 6 15.6358
338 1 7.69655
338 2 7.69655
338 3 12.3715
338 4 12.4198
338 5 13.8497
338 6 15.6358
339 1 7.69655
339 2 7.69655
339 3 12.3715
339 4 12.4198
339 5 13.8497
339 6 15.6358
340 1 7.69655
340 2 12.3715
340 3 12.4198
340 4 13.8497
340 5 13.8497
340 6 15.6358
341 1 7.69685
341 2 9.07909
341 3 9.59417
341 4 12.573
341 5 12.8195
341 6 15.2512
342 1 7.69685
342 2 9.07909
342 3 9.59417
342 4 12.573
342 5 12.8195
342 6 15.2512
343 1 7.69685
343 2 9.07909
343 3 9.59417
343 4 12.573
343 5 12.8195
343 6 15.2512
344 1 7.69685
344 2 9.07909
344 3 9.59417
344 4 12.573
344 5 12.8195
344 6 15.2512
345 1 7.69685
345 2 9.07909
345 3 9.59417
345 4 12.573
345 5 12.8195
345 6 15.2512
346 1 7.69685
346 2 9.07909
346 3 9.59417
346 4 12.573
346 5 12.8195
346 6 15.2512
347 1 7.57312
347 2 9.90139
347 3 10.3753
347 4 12.6538
347 5 13.2886
347 6 13.8413
348 1 7.57312
348 2 9.90139
348 3 10.3753
348 4 12.6538
348 5 13.2886
348 6 13.8413
349 1 7.57312
349 2 9.90139
349 3 10.3753
349 4 12.6538
349 5 13.2886
349 6 13.8413
350 1 7.57312
350 2 9.90139
350 3 10.3753
350 4 12.6538
350 5 13.2886
350 6 13.8413
351 1 7.57312
351 2 9.90139
351 3 10.3753
351 4 12.6538
351 5 13.2886
351 6 13.8413
352 1 8.02676
352 2 9.90139
352 3 10.3753
352 4 11.5436
352 5 12.9245
352 6 13.0108
353 1 8.02676
353 2 9.90139
353 3 10.3753
353 4 11.5436
353 5 12.9245
353 6 13.0108
354 1 10.3753
354 2 10.3753
354 3 11.5436
354 4 12.9245
354 5 13.0108
354 6 13.0108
355 1 10.3753
355 2 10.3753
355 3 11.5436
355 4 12.9245
355 5 13.0108
355 6 13.0108
356 1 10.3753
356 2 10.3753
356 3 10.3753
356 4 12.9245
356 5 13.0108
356 6 13.0108
357 1 10.3753
357 2 10.3753
357 3 10.3753
357 4 12.9245
357 5 13.0108
357 6 13.0108
358 1 10.3753
358 2 10.3753
358 3 12.9245
358 4 13.0108
358 5 13.0108
358 6 13.0108
359 1 10.3753
359 2 12.9245
359 3 13.0108
359 4 13.0108
359 5 13.0108
359 6 13.0108
360 1 10.3753
360 2 12.9245
360 3 13.0108
360 4 13.0108
360 5 13.0108
360 6 13.0108
361 1 10.3753
361 2 10.3753
361 3 13.0108
361 4 13.0108
361 5 13.0108
361 6 13.0108
362 1 10.3753
362 2 10.3753
362 3 13.0108
362 4 13.0108
362 5 13.0108
362 6 13.0108
363 1 9.42289
363 2 10.6119
363 3 12.8779
363 4 13.0731
363 5 13.3327
363 6 14.9946
364 1 9.42289
364 2 10.6119
364 3 12.8779
364 4 13.0731
364 5 13.3327
364 6 14.9946
365 1 9.42289
365 2 10.6119
365 3 12.8779
365 4 13.0731
365 5 13.3327
365 6 14.9946
366 1 9.42289
366 2 10.6119
366 3 12.8779
366 4 13.0731
366 5 13.3327
366 6 14.9946
367 1 9.42289
367 2 10.6119
367 3 12.8779
367 4 13.0731
367 5 13.3327
367 6 14.9946
368 1 9.42289
368 2 10.6119
368 3 12.8779
368 4 13.0731
368 5 13.3327
368 6 14.9946
369 1 9.42289
369 2 10.6119
369 3 12.8779
369 4 13.0731
369 5 13.3327
369 6 14.9946
370 1 9.42289
370 2 12.8779
370 3 13.0731
370 4 13.0731
370 5 13.3327
370 6 14.9946
371 1 9.42289
371 2 12.8779
371 3 13.0731
371 4 13.0731
371 5 13.3327
371 6 14.9946
372 1 9.42289
372 2 12.8779
372 3 13.0731
372 4 13.0731
372 5 13.3327
372 6 14.9946
373 1 5.7283
373 2 6.98731
373 3 9.22245
373 4 9.74781
373 5 12.3606
373 6 14.1061
374 1 5.7283
374 2 6.98731
374 3 9.22245
374 4 9.74781
374 5 12.3606
374 6 14.1061
375 1 5.7283
375 2 6.98731
375 3 9.22245
375 4 9.74781
375 5 12.3606
375 6 14.1061
376 1 5.7283
376 2 6.98731
376 3 9.22245
376 4 9.74781
376 5 12.3606
376 6 14.1061
377 1 6.98731
377 2 9.22245
377 3 9.74781
377 4 12.3606
377 5 14.1061
377 6 14.1061
378 1 6.98731
378 2 9.22245
378 3 9.74781
378 4 12.3606
378 5 14.1061
378 6 14.1061
379 1 6.98731
379 2 9.22245
379 3 9.74781
379 4 12.3606
379 5 14.1061
379 6 14.1061
380 1 6.98731
380 2 9.22245
380 3 9.74781
380 4 12.3606
380 5 14.1061
380 6 14.1061
381 1 9.22245
381 2 9.74781
381 3 9.74781
381 4 12.3606
381 5 14.1061
381 6 14.1061
382 1 10.083
382 2 10.2441
382 3 11.5463
382 4 12.7215
382 5 13.2126
382 6 14.0459
383 1 10.083
383 2 10.2441
383 3 11.5463
383 4 12.7215
383 5 13.2126
383 6 14.0459
384 1 10.083
384 2 11.5463
384 3 11.5463
384 4 12.7215
384 5 13.2126
384 6 14.0459
385 1 10.083
385 2 10.083
385 3 11.5463
385 4 11.5463
385 5 13.2126
385 6 14.0459
386 1 10.083
386 2 10.083
386 3 11.5463
386 4 11.5463
386 5 13.2126
386 6 14.0459
387 1 10.083
387 2 10.083
387 3 11.5463
387 4 11.5463
387 5 13.2126
387 6 14.0459
388 1 10.083
388 2 10.083
388 3 11.5463
388 4 11.5463
388 5 13.2126
388 6 14.0459
389 1 10.083
389 2 10.083
389 3 11.5463
389 4 11.5463
389 5 13.2126
389 6 14.0459
390 1 10.083
390 2 10.083
390 3 10.083
390 4 13.2126
390 5 14.0459
390 6 14.0459
391 1 10.083
391 2 10.083
391 3 10.083
391 4 13.2126
391 5 14.0459
391 6 14.0459
392 1 10.083
392 2 10.083
392 3 10.083
392 4 13.2126
392 5 14.0459
392 6 14.0459
393 1 10.083
393 2 10.083
393 3 10.083
393 4 13.2126
393 5 14.0459
393 6 14.0459
394 1 10.083
394 2 10.083
394 3 10.083
394 4 13.2126
394 5 14.0459
394 6 14.0459
395 1 7.28149
395 2 9.97273
395 3 10.1501
395 4 13.7097
395 5 14.3719
395 6 15.1392
396 1 10.1501
396 2 10.1501
396 3 13.7097
396 4 14.3719
396 5 14.3719
396 6 15.1392
397 1 10.1501
397 2 10.1501
397 3 13.7097
397 4 14.3719
397 5 14.3719
397 6 15.1392
398 1 10.1501
398 2 10.1501
398 3 13.7097
398 4 14.3719
398 5 14.3719
398 6 15.1392
399 1 10.1501
399 2 10.1501
399 3 13.7097
399 4 14.3719
399 5 14.3719
399 6 15.1392
400 1 10.1501
400 2 10.1501
400 3 13.7097
400 4 14.3719
400 5 14.3719
400 6 15.1392
401 1 9.92984
401 2 10.2313
401 3 14.0915
401 4 14.4128
401 5 14.661
401 6 15.2687
402 1 9.92984
402 2 10.2313
402 3 14.0915
402 4 14.4128
402 5 14.661
402 6 15.2687
403 1 9.92984
403 2 10.2313
403 3 14.0915
403 4 14.4128
403 5 14.661
403 6 15.2687
404 1 9.92984
404 2 10.2313
404 3 14.0915
404 4 14.4128
404 5 14.661
404 6 15.2687
405 1 9.92984
405 2 10.2313
405 3 14.0915
405 4 14.4128
405 5 14.661
405 6 15.2687
406 1 9.92984
406 2 14.0915
406 3 14.0915
406 4 14.4128
406 5 14.661
406 6 15.2687
407 1 9.92984
407 2 14.0915
407 3 14.0915
407 4 14.4128
407 5 14.661
407 6 15.2687
408 1 9.92984
408 2 14.0915
408 3 14.0915
408 4 14.4128
408 5 14.661
408 6 15.2687
409 1 9.75153
409 2 13.4987
409 3 14.4275
409 4 14.5033
409 5 14.5133
409 6 14.524
410 1 9.75153
410 2 13.4987
410 3 14.4275
410 4 14.5033
410 5 14.5133
410 6 14.524
411 1 9.75153
411 2 9.75153
411 3 13.4987
411 4 14.5033
411 5 14.5133
411 6 14.524
412 1 9.75153
412 2 9.75153
412 3 13.4987
412 4 14.5033
412 5 14.5133
412 6 14.524
413 1 9.75153
413 2 9.75153
413 3 13.4987
413 4 14.5033
413 5 14.5133
413 6 14.524
414 1 9.75153
414 2 9.75153
414 3 13.4987
414 4 14.5033
414 5 14.5133
414 6 14.524
415 1 9.75153
415 2 13.4987
415 3 14.5033
415 4 14.5033
415 5 14.5133
415 6 14.524
416 1 13.4987
416 2 14.5033
416 3 14.5033
416 4 14.5033
416 5 14.5133
416 6 14.524
417 1 13.4987
417 2 14.5033
417 3 14.5033
417 4 14.5033
417 5 14.5133
417 6 14.524
418 1 13.4987
418 2 14.5033
418 3 14.5033
418 4 14.5033
418 5 14.5133
418 6 14.524
419 1 13.4987
419 2 14.5033
419 3 14.5033
419 4 14.5033
419 5 14.5133
419 6 14.524
420 1 13.4987
420 2 14.5033
420 3 14.5033
420 4 14.5033
420 5 14.5133
420 6 14.524
421 1 13.4987
421 2 14.5033
421 3 14.5033
421 4 14.5033
421 5 14.5133
421 6 14.524
422 1 13.4987
422 2 13.4987
422 3 13.4987
422 4 14.5033
422 5 14.5033
422 6 14.5033
423 1 10.1109
423 2 12.6976
423 3 12.7913
423 4 13.1344
423 5 14.1068
423 6 14.2812
424 1 10.9364
424 2 11.3738
424 3 12.4233
424 4 12.6424
424 5 13.125
424 6 14.8853
425 1 10.9364
425 2 12.4233
425 3 12.6424
425 4 12.6424
425 5 13.125
425 6 14.8853
426 1 10.9364
426 2 12.4233
426 3 12.6424
426 4 12.6424
426 5 13.125
426 6 14.8853
427 1 10.9364
427 2 12.6424
427 3 12.6424
427 4 12.6424
427 5 13.125
427 6 14.8853
428 1 12.4354
428 2 12.6454
428 3 12.7042
428 4 13.0253
428 5 13.8311
428 6 14.2216
429 1 12.4354
429 2 12.6454
429 3 12.7042
429 4 13.0253
429 5 13.8311
429 6 14.2216
430 1 12.4354
430 2 12.7042
430 3 13.0253
430 4 13.8311
430 5 14.2216
430 6 14.2216
431 1 12.4354
431 2 12.7042
431 3 13.0253
431 4 13.8311
431 5 14.2216
431 6 14.2216
432 1 12.4354
432 2 12.7042
432 3 13.0253
432 4 13.8311
432 5 14.2216
432 6 14.2216
433 1 12.4354
433 2 12.7042
433 3 13.0253
433 4 13.8311
433 5 14.2216
433 6 14.2216
434 1 12.4354
434 2 12.7042
434 3 13.0253
434 4 13.8311
434 5 14.2216
434 6 14.2216
435 1 12.4354
435 2 12.7042
435 3 13.0253
435 4 13.8311
435 5 14.2216
435 6 14.2216
436 1 12.4354
436 2 12.7042
436 3 13.0253
436 4 13.8311
436 5 14.2216
436 6 14.2216
437 1 12.4354
437 2 12.7042
437 3 13.0253
437 4 13.8311
437 5 14.2216
437 6 14.2216
438 1 12.4354
438 2 13.0253
438 3 13.8311
438 4 14.2216
438 5 14.2216
438 6 14.2216
439 1 12.4354
439 2 13.0253
439 3 13.8311
439 4 14.2216
439 5 14.2216
439 6 14.2216
440 1 9.76898
440 2 12.7181
440 3 14.1154
440 4 14.2173
440 5 14.4952
440 6 14.7176
441 1 9.76898
441 2 12.7181
441 3 14.1154
441 4 14.2173
441 5 14.4952
441 6 14.7176
442 1 9.76898
442 2 12.7181
442 3 14.1154
442 4 14.2173
442 5 14.4952
442 6 14.7176
443 1 9.76898
443 2 12.7181
443 3 14.1154
443 4 14.2173
443 5 14.4952
443 6 14.7176
444 1 9.76898
444 2 12.7181
444 3 14.1154
444 4 14.2173
444 5 14.4952
444 6 14.7176
445 1 12.7181
445 2 14.1154
445 3 14.1154
445 4 14.2173
445 5 14.4952
445 6 14.7176
446 1 12.7181
446 2 14.1154
446 3 14.2173
446 4 14.4952
446 5 14.7176
446 6 14.7176
447 1 12.7181
447 2 14.1154
447 3 14.2173
447 4 14.4952
447 5 14.7176
447 6 14.7176
448 1 12.7181
448 2 14.1154
448 3 14.2173
448 4 14.4952
448 5 14.7176
448 6 14.7176
449 1 12.7181
449 2 14.1154
449 3 14.2173
449 4 14.4952
449 5 14.7176
449 6 14.7176
450 1 12.7181
450 2 14.1154
450 3 14.2173
450 4 14.4952
450 5 14.7176
450 6 14.7176
451 1 14.1154
451 2 14.2173
451 3 14.4952
451 4 14.7176
451 5 14.7176
451 6 14.7176
452 1 14.1154
452 2 14.2173
452 3 14.4952
452 4 14.7176
452 5 14.7176
452 6 14.7176
453 1 14.1154
453 2 14.2173
453 3 14.4952
453 4 14.7176
453 5 14.7176
453 6 14.7176
454 1 14.1154
454 2 14.2173
454 3 14.4952
454 4 14.7176
454 5 14.7176
454 6 14.7176
455 1 14.1154
455 2 14.2173
455 3 14.4952
455 4 14.7176
455 5 14.7176
455 6 14.7176
456 1 14.1154
456 2 14.2173
456 3 14.4952
456 4 14.7176
456 5 14.7176
456 6 14.7176
457 1 5.56345
457 2 13.3428
457 3 14.5236
457 4 15.0439
457 5 15.1034
457 6 15.1529
458 1 5.56345
458 2 13.3428
458 3 14.5236
458 4 15.0439
458 5 15.1034
458 6 15.1529
459 1 5.56345
459 2 13.3428
459 3 14.5236
459 4 15.0439
459 5 15.1034
459 6 15.1529
460 1 5.56345
460 2 13.3428
460 3 14.5236
460 4 15.0439
460 5 15.1034
460 6 15.1529
461 1 5.56345
461 2 13.3428
461 3 14.5236
461 4 15.0439
461 5 15.1034
461 6 15.1529
462 1 5.56345
462 2 13.3428
462 3 14.5236
462 4 15.0439
462 5 15.1034
462 6 15.1529
463 1 5.19566
463 2 13.6319
463 3 14.626
463 4 14.639
463 5 14.7129
463 6 15.1381
464 1 5.19566
464 2 13.6319
464 3 14.626
464 4 14.639
464 5 14.7129
464 6 15.1381
465 1 5.19566
465 2 5.19566
465 3 14.639
465 4 14.7129
465 5 14.7129
465 6 15.1381
466 1 4.69979
466 2 4.83439
466 3 5.04403
466 4 12.2116
466 5 14.3059
466 6 14.7669
467 1 4.69979
467 2 4.83439
467 3 5.04403
467 4 12.2116
467 5 14.3059
467 6 14.7669
468 1 4.69979
468 2 5.04403
468 3 5.04403
468 4 12.2116
468 5 14.3059
468 6 14.7669
469 1 5.04403
469 2 5.04403
469 3 12.2116
469 4 14.3059
469 5 14.7669
469 6 14.7669
470 1 5.04403
470 2 5.04403
470 3 12.2116
470 4 14.3059
470 5 14.7669
470 6 14.7669
471 1 5.04403
471 2 5.04403
471 3 12.2116
471 4 14.3059
471 5 14.7669
471 6 14.7669
472 1 5.04403
472 2 5.71286
472 3 8.59664
472 4 11.4537
472 5 14.324
472 6 15.1295
473 1 5.04403
473 2 8.59664
473 3 8.59664
473 4 11.4537
473 5 14.324
473 6 15.1295
474 1 5.04403
474 2 8.59664
474 3 8.59664
474 4 11.4537
474 5 14.324
474 6 15.1295
475 1 5.04403
475 2 8.59664
475 3 8.59664
475 4 11.4537
475 5 14.324
475 6 15.1295
476 1 5.04403
476 2 8.59664
476 3 9.23313
476 4 11.3137
476 5 13.2241
476 6 15.1393
477 1 5.04403
477 2 8.59664
477 3 9.23313
477 4 11.3137
477 5 13.2241
477 6 15.1393
478 1 5.04403
478 2 8.59664
478 3 9.23313
478 4 11.3137
478 5 13.2241
478 6 15.1393
479 1 5.04403
479 2 9.23313
479 3 11.3137
479 4 13.2241
479 5 15.1393
479 6 15.1393
480 1 5.04403
480 2 9.23313
480 3 11.3137
480 4 13.2241
480 5 15.1393
480 6 15.1393
481 1 5.04403
481 2 9.23313
481 3 11.3137
481 4 13.2241
481 5 15.1393
481 6 15.1393
482 1 5.04403
482 2 9.23313
482 3 11.3137
482 4 13.2241
482 5 15.1393
482 6 15.1393
483 1 5.04403
483 2 9.23313
483 3 11.3137
483 4 13.2241
483 5 15.1393
483 6 15.1393
484 1 4.94837
484 2 9.23313
484 3 10.9804
484 4 11.8897
484 5 13.2516
484 6 14.8937
485 1 4.94837
485 2 9.23313
485 3 10.9804
485 4 11.8897
485 5 13.2516
485 6 14.8937
486 1 4.94837
486 2 9.23313
486 3 10.9804
486 4 11.8897
486 5 13.2516
486 6 14.8937
487 1 4.94837
487 2 9.23313
487 3 10.9804
487 4 11.8897
487 5 13.2516
487 6 14.8937
488 1 4.94837
488 2 9.23313
488 3 10.9804
488 4 11.8897
488 5 13.2516
488 6 14.8937
489 1 2.47307
489 2 9.80096
489 3 10.645
489 4 11.1792
489 5 13.0374
489 6 15.1592
490 1 2.47307
490 2 9.80096
490 3 10.645
490 4 11.1792
490 5 13.0374
490 6 15.1592
491 1 2.47307
491 2 9.80096
491 3 10.645
491 4 11.1792
491 5 13.0374
491 6 15.1592
492 1 2.47307
492 2 9.80096
492 3 10.645
492 4 11.1792
492 5 13.0374
492 6 15.1592
493 1 2.47307
493 2 9.80096
493 3 10.645
493 4 11.1792
493 5 13.0374
493 6 15.1592
494 1 2.47307
494 2 9.80096
494 3 10.645
494 4 11.1792
494 5 13.0374
494 6 15.1592
495 1 2.47307
495 2 9.80096
495 3 10.645
495 4 11.1792
495 5 13.0374
495 6 15.1592
496 1 2.47307
496 2 9.80096
496 3 10.645
496 4 11.1792
496 5 13.0374
496 6 15.1592
497 1 2.47307
497 2 9.80096
497 3 10.645
497 4 11.1792
497 5 13.0374
497 6 15.1592
498 1 2.47307
498 2 9.80096
498 3 10.645
498 4 11.1792
498 5 13.0374
498 6 15.1592
499 1 2.47307
499 2 9.80096
499 3 10.645
499 4 11.1792
499 5 13.0374
499 6 15.1592
500 1 2.31754
500 2 6.4075
500 3 9.7885
500 4 10.7518
500 5 12.7143
500 6 14.6219
